0.000000	0.000000	0.000000	0.000000	
0.020276	0.000000	0.000000	0.020276	
0.040963	0.000000	0.000000	0.040963	
0.062069	0.000000	0.000000	0.062069	
0.083603	0.000000	0.000000	0.083603	
0.105574	0.000000	0.000000	0.105574	
0.127990	0.000000	0.000000	0.127990	
0.150861	0.000000	0.000000	0.150861	
0.174196	0.000000	0.000000	0.174196	
0.198003	0.000000	0.000000	0.198003	
0.222294	0.000000	0.000000	0.222294	
0.247077	0.000000	0.000000	0.247077	
0.272362	0.000000	0.000000	0.272362	
0.298160	0.000000	0.000000	0.298160	
0.324481	0.000000	0.000000	0.324481	
0.351336	0.000000	0.000000	0.351336	
0.378736	0.000000	0.000000	0.378736	
0.406691	0.000000	0.000000	0.406691	
0.435212	0.000000	0.000000	0.435212	
0.464312	0.000000	0.000000	0.464312	
0.494002	0.000000	0.000000	0.494002	
0.524294	0.000000	0.000000	0.524294	
0.555201	0.000000	0.000000	0.555201	
0.586733	0.000000	0.000000	0.586733	
0.618906	0.000000	0.000000	0.618906	
0.651730	0.000000	0.000000	0.651730	
0.685220	0.000000	0.000000	0.685220	
0.719389	0.000000	0.000000	0.719389	
0.754251	0.000000	0.000000	0.754251	
0.789820	0.000000	0.000000	0.789820	
0.826110	0.000000	0.000000	0.826110	
0.863136	0.000000	0.000000	0.863136	
0.900912	0.000000	0.000000	0.900912	
0.939455	0.000000	0.000000	0.939455	
0.978778	0.000000	0.000000	0.978778	
1.018900	0.000000	0.000000	1.018900	
1.059834	0.000000	0.000000	1.059834	
1.101599	0.000000	0.000000	1.101599	
1.144210	0.000000	0.000000	1.144210	
1.187686	0.000000	0.000000	1.187686	
1.232043	0.000000	0.000000	1.232043	
1.277299	0.000000	0.000000	1.277299	
1.323473	0.000000	0.000000	1.323473	
1.370583	0.000000	0.000000	1.370583	
1.418649	0.000000	0.000000	1.418649	
1.467689	0.000000	0.000000	1.467689	
1.517723	0.000000	0.000000	1.517723	
1.568772	0.000000	0.000000	1.568772	
1.620855	0.000000	0.000000	1.620855	
1.673995	0.000000	0.000000	1.673995	
1.728212	0.000000	0.000000	1.728212	
1.783529	0.000000	0.000000	1.783529	
1.839967	0.000000	0.000000	1.839967	
1.897550	0.000000	0.000000	1.897550	
1.956300	0.000000	0.000000	1.956300	
2.016241	0.000000	0.000000	2.016241	
2.077397	0.000000	0.000000	2.077397	
2.139794	0.000000	0.000000	2.139794	
2.203455	0.000000	0.000000	2.203455	
2.268408	0.000000	0.000000	2.268408	
2.334677	0.000000	0.000000	2.334677	
2.402290	0.000000	0.000000	2.402290	
2.471274	0.000000	0.000000	2.471274	
2.541657	0.000000	0.000000	2.541657	
2.613467	0.000000	0.000000	2.613467	
2.686733	0.000000	0.000000	2.686733	
2.761484	0.000000	0.000000	2.761484	
2.837751	0.000000	0.000000	2.837751	
2.915564	0.000000	0.000000	2.915564	
2.994955	0.000000	0.000000	2.994955	
3.075956	0.000000	0.000000	3.075956	
3.158599	0.000000	0.000000	3.158599	
3.242917	0.000000	0.000000	3.242917	
3.328946	0.000000	0.000000	3.328946	
3.416718	0.000000	0.000000	3.416718	
3.506271	0.000000	0.000000	3.506271	
3.597639	0.000000	0.000000	3.597639	
3.690859	0.000000	0.000000	3.690859	
3.785970	0.000000	0.000000	3.785970	
3.883009	0.000000	0.000000	3.883009	
3.982016	0.000000	0.000000	3.982016	
4.083030	0.000000	0.000000	4.083030	
4.186092	0.000000	0.000000	4.186092	
4.291244	0.000000	0.000000	4.291244	
4.398528	0.000000	0.000000	4.398528	
4.507987	0.000000	0.000000	4.507987	
4.619666	0.000000	0.000000	4.619666	
4.733608	0.000000	0.000000	4.733608	
4.849862	0.000000	0.000000	4.849862	
4.968472	0.000000	0.000000	4.968472	
5.089487	0.000000	0.000000	5.089487	
5.212956	0.000000	0.000000	5.212956	
5.338928	0.000000	0.000000	5.338928	
5.467455	0.000000	0.000000	5.467455	
5.598587	0.000000	0.000000	5.598587	
5.732379	0.000000	0.000000	5.732379	
5.868883	0.000000	0.000000	5.868883	
6.008154	0.000000	0.000000	6.008154	
6.150250	0.000000	0.000000	6.150250	
6.295227	0.000000	0.000000	6.295227	
6.443143	0.000000	0.000000	6.443143	
6.594058	0.000000	0.000000	6.594058	
6.748033	0.000000	0.000000	6.748033	
6.905131	0.000000	0.000000	6.905131	
7.065413	0.000000	0.000000	7.065413	
7.228945	0.000000	0.000000	7.228945	
7.395793	0.000000	0.000000	7.395793	
7.566024	0.000000	0.000000	7.566024	
7.739707	0.000000	0.000000	7.739707	
7.916911	0.000000	0.000000	7.916911	
8.097708	0.000000	0.000000	8.097708	
8.282171	0.000000	0.000000	8.282171	
8.470374	0.000000	0.000000	8.470374	
8.662393	0.000000	0.000000	8.662393	
8.858305	0.000000	0.000000	8.858305	
9.058189	0.000000	0.000000	9.058189	
9.262127	0.000000	0.000000	9.262127	
9.470199	0.000000	0.000000	9.470199	
9.682490	0.000000	0.000000	9.682490	
9.899086	0.000000	0.000000	9.899086	
10.120073	0.000000	0.000000	10.120073	
10.345541	0.000000	0.000000	10.345541	
10.575580	0.000000	0.000000	10.575580	
10.810283	0.000000	0.000000	10.810283	
11.049746	0.000000	0.000000	11.049746	
11.294063	0.000000	0.000000	11.294063	
11.543335	0.000000	0.000000	11.543335	
11.797660	0.000000	0.000000	11.797660	
12.057142	0.000000	0.000000	12.057142	
12.321886	0.000000	0.000000	12.321886	
12.591997	0.000000	0.000000	12.591997	
12.867585	0.000000	0.000000	12.867585	
13.148760	0.000000	0.000000	13.148760	
13.435637	0.000000	0.000000	13.435637	
13.728330	0.000000	0.000000	13.728330	
14.026958	0.000000	0.000000	14.026958	
14.331641	0.000000	0.000000	14.331641	
14.642502	0.000000	0.000000	14.642502	
14.959665	0.000000	0.000000	14.959665	
15.283259	0.000000	0.000000	15.283259	
15.613415	0.000000	0.000000	15.613415	
15.950264	0.000000	0.000000	15.950264	
16.293943	0.000000	0.000000	16.293943	
16.644591	0.000000	0.000000	16.644591	
17.002348	0.000000	0.000000	17.002348	
17.367359	0.000000	0.000000	17.367359	
17.739771	0.000000	0.000000	17.739771	
18.119734	0.000000	0.000000	18.119734	
18.507401	0.000000	0.000000	18.507401	
18.902928	0.000000	0.000000	18.902928	
0.000000	0.017533	0.175331	-17.918003	
0.020276	0.042901	0.183550	0.002743	
0.040963	0.066622	0.135730	-0.001939	
0.062069	0.086170	0.100603	-0.004553	
0.083603	0.103795	0.098059	-0.002567	
0.105574	0.122767	0.119217	0.001779	
0.127990	0.145031	0.146748	0.005223	
0.150861	0.170640	0.167038	0.005830	
0.174196	0.198316	0.174326	0.003556	
0.198003	0.226364	0.169775	-0.000313	
0.222294	0.253431	0.158479	-0.004070	
0.247077	0.278899	0.146404	-0.006355	
0.272362	0.302911	0.138259	-0.006536	
0.298160	0.326169	0.136525	-0.004751	
0.324481	0.349615	0.141426	-0.001687	
0.351336	0.374143	0.151497	0.001722	
0.378736	0.400391	0.164374	0.004593	
0.406691	0.428647	0.177559	0.006299	
0.435212	0.458847	0.188985	0.006566	
0.464312	0.490662	0.197345	0.005465	
0.494002	0.523605	0.202171	0.003340	
0.524294	0.557157	0.203743	0.000689	
0.555201	0.590865	0.202881	-0.001956	
0.586733	0.624418	0.200693	-0.004132	
0.618906	0.657673	0.198338	-0.005512	
0.651730	0.690658	0.196831	-0.005943	
0.685220	0.723543	0.196911	-0.005438	
0.719389	0.756596	0.198987	-0.004154	
0.754251	0.790130	0.203135	-0.002345	
0.789820	0.824459	0.209146	-0.000311	
0.826110	0.859851	0.216602	0.001651	
0.863136	0.896504	0.224970	0.003285	
0.900912	0.934534	0.233684	0.004408	
0.939455	0.973968	0.242224	0.004920	
0.978778	1.014759	0.250169	0.004810	
1.018900	1.056799	0.257238	0.004141	
1.059834	1.099944	0.263293	0.003035	
1.101599	1.144037	0.268341	0.001655	
1.144210	1.188925	0.272509	0.000174	
1.187686	1.234481	0.276012	-0.001239	
1.232043	1.280615	0.279122	-0.002438	
1.277299	1.327282	0.282131	-0.003316	
1.323473	1.374481	0.285316	-0.003809	
1.370583	1.422252	0.288920	-0.003897	
1.418649	1.470673	0.293126	-0.003603	
1.467689	1.519847	0.298052	-0.002985	
1.517723	1.569891	0.303749	-0.002124	
1.568772	1.620929	0.310200	-0.001120	
1.620855	1.673078	0.317338	-0.000074	
1.673995	1.726443	0.325051	0.000917	
1.728212	1.781109	0.333200	0.001770	
1.783529	1.837139	0.341637	0.002420	
1.839967	1.894572	0.350216	0.002829	
1.897550	1.953426	0.358804	0.002977	
1.956300	2.013697	0.367296	0.002873	
2.016241	2.075367	0.375614	0.002544	
2.077397	2.138407	0.383716	0.002030	
2.139794	2.202782	0.391591	0.001387	
2.203455	2.268457	0.399260	0.000674	
2.268408	2.335405	0.406770	-0.000050	
2.334677	2.403603	0.414187	-0.000728	
2.402290	2.473041	0.421592	-0.001312	
2.471274	2.543723	0.429071	-0.001766	
2.541657	2.615667	0.436707	-0.002066	
2.613467	2.688903	0.444582	-0.002200	
2.686733	2.763473	0.452761	-0.002170	
2.761484	2.839431	0.461298	-0.001989	
2.837751	2.916837	0.470231	-0.001680	
2.915564	2.995757	0.479578	-0.001273	
2.994955	3.076260	0.489343	-0.000803	
3.075956	3.208856	1.003953	-0.000304	
3.158599	3.279821	0.179260	-0.050258	
3.242917	3.358480	0.502738	-0.036903	
3.328946	3.331670	-0.582741	-0.029535	
3.416718	3.306168	-0.147775	0.085048	
3.506271	3.308678	0.127099	0.200102	
3.597639	3.551522	2.418411	0.288961	
3.690859	3.995588	3.469279	0.139337	
3.785970	4.435009	2.617949	-0.209618	
3.883009	4.598319	-0.124593	-0.552000	
3.982016	4.417827	-2.458152	-0.616303	
4.083030	3.966771	-3.788591	-0.334797	
4.186092	3.804389	0.180394	0.219321	
4.291244	3.898426	1.589910	0.486855	
4.398528	4.095563	1.595218	0.500101	
4.507987	4.306733	1.323153	0.412424	
4.619666	4.520963	1.297614	0.312932	
4.733608	4.817613	2.109581	0.212646	
4.849862	5.204494	2.682212	0.032249	
4.968472	5.505148	1.459019	-0.236022	
5.089487	5.652307	0.268968	-0.415661	
5.212956	5.676266	-0.349045	-0.439351	
5.338928	5.650545	-0.353042	-0.337337	
5.467455	5.691534	0.512769	-0.183090	
5.598587	5.950051	2.421216	-0.092946	
5.732379	6.171506	1.180483	-0.217672	
5.868883	6.180486	-0.796023	-0.302623	
6.008154	5.972160	-2.119175	-0.172331	
6.150250	5.671231	-2.175989	0.178090	
6.295227	5.508963	-0.418962	0.623996	
6.443143	5.798368	3.543124	0.934180	
6.594058	6.382826	4.686956	0.795690	
6.748033	6.958268	3.416586	0.365207	
6.905131	7.376234	1.877901	-0.053137	
7.065413	7.620588	0.771671	-0.310821	
7.228945	7.746525	0.281951	-0.391643	
7.395793	7.826784	0.298842	-0.350731	
7.566024	8.045677	1.867901	-0.260759	
7.739707	8.399583	2.663487	-0.305970	
7.916911	8.675945	1.347997	-0.482672	
8.097708	8.742612	-0.438783	-0.578237	
8.282171	8.607997	-1.612820	-0.460441	
8.470374	8.376858	-1.772929	-0.137623	
8.662393	8.182578	-1.018240	0.285535	
8.858305	8.264711	1.598448	0.675727	
9.058189	8.699784	4.022198	0.793479	
9.262127	9.251633	3.778203	0.562343	
9.470199	9.709454	2.370810	0.218566	
9.682490	9.989607	0.970247	-0.026964	
9.899086	10.119731	0.180625	-0.090522	
10.120073	10.185047	0.132664	0.000342	
10.345541	10.494248	2.830749	0.160494	
10.575580	11.017522	3.995935	0.081332	
10.810283	11.538490	3.116579	-0.207239	
11.049746	11.895135	1.482586	-0.488744	
11.294063	12.041380	0.035868	-0.601072	
11.543335	12.024518	-0.753600	-0.498046	
11.797660	11.937890	-0.798834	-0.226858	
12.057142	12.072420	1.691808	0.119252	
12.321886	12.485077	3.588460	0.249466	
12.591997	12.995411	3.452706	0.106919	
12.867585	13.431007	2.314626	-0.127826	
13.148760	13.708039	1.027939	-0.282247	
13.435637	13.829657	0.108042	-0.272402	
13.728330	13.854368	-0.239355	-0.101326	
14.026958	13.996309	1.320562	0.172591	
14.331641	14.454177	4.010922	0.335333	
14.642502	15.099958	4.626335	0.188325	
14.959665	15.754406	3.961358	-0.140293	
15.283259	16.238917	2.227315	-0.471147	
15.613415	16.472701	0.399803	-0.625502	
15.950264	16.479147	-0.870686	-0.522438	
16.293943	16.574748	0.930228	-0.185203	
16.644591	16.938304	3.253158	0.069843	
17.002348	17.473405	3.896791	0.064044	
17.367359	18.034383	3.469368	-0.106046	
17.739771	18.515124	2.563499	-0.294612	
18.119734	18.865417	1.579968	-0.395390	
18.507401	19.085953	0.804191	-0.358016	
18.902928	19.174168	0.000000	-0.183025	
0.000000	0.019884	0.198843	-18.172537	
0.020276	0.042275	0.144374	0.000391	
0.040963	0.061724	0.104924	-0.001313	
0.062069	0.081807	0.123028	0.000345	
0.083603	0.104886	0.150467	0.001797	
0.105574	0.129542	0.154244	0.000688	
0.127990	0.153291	0.138861	-0.001552	
0.150861	0.175280	0.124892	-0.002430	
0.174196	0.196671	0.125960	-0.001084	
0.198003	0.219339	0.141108	0.001332	
0.222294	0.244413	0.160073	0.002955	
0.247077	0.271685	0.172424	0.002664	
0.272362	0.299960	0.173667	0.000677	
0.298160	0.327887	0.166168	-0.001800	
0.324481	0.354688	0.156300	-0.003406	
0.351336	0.380458	0.150490	-0.003352	
0.378736	0.405997	0.152314	-0.001722	
0.406691	0.432371	0.161585	0.000694	
0.435212	0.460440	0.175195	0.002841	
0.464312	0.490556	0.188885	0.003872	
0.494002	0.522506	0.199030	0.003446	
0.524294	0.555664	0.203786	0.001789	
0.555201	0.589266	0.203386	-0.000463	
0.586733	0.622676	0.199698	-0.002532	
0.618906	0.655577	0.195362	-0.003771	
0.651730	0.688024	0.192875	-0.003847	
0.685220	0.720393	0.193898	-0.002804	
0.719389	0.753234	0.198935	-0.001004	
0.754251	0.787109	0.207380	0.001017	
0.789820	0.822444	0.217853	0.002711	
0.826110	0.859445	0.228668	0.003666	
0.863136	0.898073	0.238285	0.003691	
0.900912	0.938091	0.245659	0.002839	
0.939455	0.979138	0.250404	0.001364	
0.978778	1.020836	0.252783	-0.000360	
1.018900	1.062870	0.253559	-0.001936	
1.059834	1.105061	0.253763	-0.003036	
1.101599	1.147381	0.254444	-0.003462	
1.144210	1.189955	0.256453	-0.003171	
1.187686	1.233015	0.260307	-0.002269	
1.232043	1.276852	0.266130	-0.000972	
1.277299	1.321756	0.273689	0.000447	
1.323473	1.367965	0.282478	0.001718	
1.370583	1.415633	0.291849	0.002619	
1.418649	1.464815	0.301145	0.003015	
1.467689	1.515470	0.309813	0.002873	
1.517723	1.567480	0.317485	0.002253	
1.568772	1.620685	0.324018	0.001292	
1.620855	1.674917	0.329488	0.000170	
1.673995	1.730025	0.334154	-0.000922	
1.728212	1.785907	0.338391	-0.001812	
1.783529	1.842522	0.342623	-0.002378	
1.839967	1.899893	0.347252	-0.002555	
1.897550	1.958102	0.352598	-0.002344	
1.956300	2.017272	0.358869	-0.001802	
2.016241	2.077554	0.366137	-0.001031	
2.077397	2.139101	0.374350	-0.000156	
2.139794	2.202055	0.383349	0.000692	
2.203455	2.266528	0.392907	0.001400	
2.268408	2.332593	0.402764	0.001880	
2.334677	2.400286	0.412668	0.002084	
2.402290	2.469604	0.422407	0.002005	
2.471274	2.540514	0.431831	0.001671	
2.541657	2.612965	0.440870	0.001143	
2.613467	2.686898	0.449527	0.000502	
2.686733	2.762259	0.457876	-0.000166	
2.761484	2.839008	0.466043	-0.000775	
2.837751	2.917126	0.474188	-0.001257	
2.915564	2.996621	0.482479	-0.001562	
2.994955	3.077527	0.491076	-0.001666	
3.075956	3.167100	0.572105	-0.001571	
3.158599	3.230117	0.271887	-0.008501	
3.242917	3.324362	0.690373	0.012800	
3.328946	3.408283	0.462232	0.004584	
3.416718	3.526843	0.849921	0.008435	
3.506271	3.632675	0.584075	-0.020573	
3.597639	3.736177	0.611692	-0.035037	
3.690859	3.770113	-0.074651	-0.045318	
3.785970	3.766269	-0.174182	0.015857	
3.883009	3.823030	0.582988	0.116740	
3.982016	4.029951	1.842165	0.158986	
4.083030	4.325930	2.132108	0.053079	
4.186092	4.627171	1.828496	-0.139838	
4.291244	4.646603	-1.010644	-0.335927	
4.398528	4.456647	-1.977288	-0.248076	
4.507987	4.309710	-0.709553	0.051339	
4.619666	4.369104	1.181690	0.309956	
4.733608	4.633668	2.408064	0.364505	
4.849862	4.967072	2.275782	0.216194	
4.968472	5.236375	1.359422	0.001400	
5.089487	5.449662	1.055650	-0.146888	
5.212956	5.618101	0.831246	-0.236706	
5.338928	5.719307	0.338309	-0.279172	
5.467455	5.742435	-0.173549	-0.251853	
5.598587	5.709269	-0.424175	-0.143848	
5.732379	5.608185	-0.878174	0.023110	
5.868883	5.606929	0.391773	0.260698	
6.008154	5.816804	2.103781	0.401226	
6.150250	6.184239	2.834845	0.333446	
6.295227	6.567226	2.360130	0.110988	
6.443143	6.843009	1.225881	-0.124083	
6.594058	6.895217	-0.581042	-0.248950	
6.748033	6.863842	-0.522590	-0.147184	
6.905131	6.972513	1.212206	0.041288	
7.065413	7.269748	2.537674	0.092900	
7.228945	7.633452	2.448097	-0.040803	
7.395793	7.905085	1.261517	-0.237659	
7.566024	8.022575	0.088367	-0.339061	
7.739707	7.963634	-1.059372	-0.282869	
7.916911	7.825239	-1.148185	-0.046723	
8.097708	7.809919	0.400374	0.272469	
8.282171	8.023785	2.199946	0.472252	
8.470374	8.411649	3.023171	0.446589	
8.662393	8.835386	2.685915	0.250744	
8.858305	9.201523	1.966425	0.022919	
9.058189	9.433781	0.858031	-0.143334	
9.262127	9.545543	0.188588	-0.171654	
9.470199	9.700760	1.105119	-0.075344	
9.682490	10.003289	2.404426	-0.018270	
9.899086	10.402140	2.778389	-0.104203	
10.120073	10.756875	1.951947	-0.282067	
10.345541	10.985354	0.865857	-0.411334	
10.575580	10.977568	-0.991786	-0.409774	
10.810283	10.836670	-1.377827	-0.167284	
11.049746	10.796466	0.161545	0.213076	
11.294063	10.997775	2.173913	0.497598	
11.543335	11.410975	3.326760	0.545559	
11.797660	11.903974	3.277190	0.386685	
12.057142	12.377985	2.768117	0.153168	
12.321886	12.703156	1.355662	-0.056100	
12.591997	12.894993	0.617689	-0.111159	
12.867585	13.114901	1.431726	-0.027408	
13.148760	13.475493	2.726290	0.033860	
13.435637	13.950723	3.309936	-0.039856	
13.728330	14.422360	2.815444	-0.222393	
14.026958	14.796265	1.852506	-0.395401	
14.331641	14.998959	0.531322	-0.464624	
14.642502	15.013446	-0.665903	-0.356457	
14.959665	15.014291	-0.049502	-0.053781	
15.283259	15.175565	1.609357	0.268968	
15.613415	15.563592	3.235183	0.437850	
15.950264	16.106805	3.880013	0.386671	
16.293943	16.695497	3.714072	0.187138	
16.644591	17.138116	2.071417	-0.050906	
17.002348	17.372766	0.576030	-0.135767	
17.367359	17.554503	0.878765	-0.005407	
17.739771	17.862371	2.351736	0.185269	
18.119734	18.356288	3.707699	0.257363	
18.507401	18.970342	4.164873	0.151113	
18.902928	19.215964	0.000000	-0.067414	
0.000000	0.020220	0.202199	-18.042127	
0.020276	0.041298	0.129900	0.000056	
0.040963	0.061486	0.117573	-0.000335	
0.062069	0.083513	0.139510	0.000583	
0.083603	0.106373	0.140502	0.000090	
0.105574	0.128399	0.128813	-0.000799	
0.127990	0.150108	0.128991	-0.000409	
0.150861	0.173090	0.142980	0.000753	
0.174196	0.197860	0.155768	0.001106	
0.198003	0.223434	0.156665	0.000144	
0.222294	0.248533	0.148694	-0.001140	
0.247077	0.272826	0.142533	-0.001456	
0.272362	0.297124	0.145812	-0.000464	
0.298160	0.322618	0.157742	0.001036	
0.324481	0.349949	0.171335	0.001864	
0.351336	0.378820	0.179384	0.001388	
0.378736	0.408288	0.179207	-0.000084	
0.406691	0.437430	0.173537	-0.001598	
0.435212	0.465890	0.168037	-0.002218	
0.464312	0.494041	0.167670	-0.001578	
0.494002	0.522718	0.174169	-0.000039	
0.524294	0.552754	0.185643	0.001576	
0.555201	0.584571	0.198034	0.002447	
0.586733	0.618031	0.207327	0.002162	
0.618906	0.652550	0.211350	0.000875	
0.651730	0.687403	0.210459	-0.000819	
0.685220	0.722049	0.207042	-0.002183	
0.719389	0.756335	0.204281	-0.002659	
0.754251	0.790530	0.204811	-0.002084	
0.789820	0.825189	0.209800	-0.000711	
0.826110	0.860923	0.218714	0.000921	
0.863136	0.898190	0.229723	0.002212	
0.900912	0.937146	0.240501	0.002723	
0.939455	0.977635	0.249061	0.002308	
0.978778	1.019266	0.254360	0.001143	
1.018900	1.061570	0.256509	-0.000367	
1.059834	1.104151	0.256601	-0.001736	
1.101599	1.146811	0.256265	-0.002552	
1.144210	1.189586	0.257122	-0.002600	
1.187686	1.232729	0.260328	-0.001900	
1.232043	1.276617	0.266306	-0.000687	
1.277299	1.321644	0.274719	0.000682	
1.323473	1.368120	0.284648	0.001829	
1.370583	1.416200	0.294901	0.002463	
1.418649	1.465867	0.304348	0.002448	
1.467689	1.516953	0.312194	0.001821	
1.517723	1.569202	0.318140	0.000769	
1.568772	1.622341	0.322396	-0.000430	
1.620855	1.676154	0.325576	-0.001485	
1.673995	1.730530	0.328511	-0.002159	
1.728212	1.785485	0.332041	-0.002318	
1.783529	1.841149	0.336823	-0.001956	
1.839967	1.897736	0.343211	-0.001182	
1.897550	1.955492	0.351217	-0.000186	
1.956300	2.014649	0.360540	0.000807	
2.016241	2.075378	0.370668	0.001592	
2.077397	2.137770	0.381002	0.002019	
2.139794	2.201826	0.390988	0.002023	
2.203455	2.267470	0.400221	0.001630	
2.268408	2.334579	0.408509	0.000938	
2.334677	2.403011	0.415887	0.000098	
2.402290	2.472643	0.422587	-0.000721	
2.471274	2.543393	0.428977	-0.001368	
2.541657	2.615241	0.435479	-0.001736	
2.613467	2.688229	0.442488	-0.001774	
2.686733	2.762455	0.450305	-0.001497	
2.761484	2.838055	0.459095	-0.000971	
2.837751	2.915182	0.468875	-0.000304	
2.915564	2.993985	0.479523	0.000382	
2.994955	3.074588	0.490816	0.000970	
3.075956	3.158104	0.512750	0.001367	
3.158599	3.236819	0.453084	0.000494	
3.242917	3.332992	0.646872	0.006098	
3.328946	3.417131	0.456697	-0.004047	
3.416718	3.509651	0.588640	-0.000413	
3.506271	3.591343	0.446847	-0.003380	
3.597639	3.683790	0.597693	0.006295	
3.690859	3.775707	0.549387	0.007070	
3.785970	3.890918	0.784444	0.010263	
3.883009	4.020271	0.832684	-0.007909	
3.982016	4.125622	0.536093	-0.038255	
4.083030	4.174126	0.063646	-0.042592	
4.186092	4.217052	0.235234	0.011966	
4.291244	4.282589	0.483677	0.074192	
4.398528	4.482241	1.734360	0.115938	
4.507987	4.755584	1.934832	0.025746	
4.619666	4.934109	0.691876	-0.135919	
4.733608	4.944940	-0.605794	-0.200501	
4.849862	4.867513	-0.817593	-0.095078	
4.968472	4.857999	0.214570	0.100959	
5.089487	5.018325	1.641317	0.231488	
5.212956	5.292764	2.103083	0.194631	
5.338928	5.570444	1.679051	0.046165	
5.467455	5.783652	1.021358	-0.102989	
5.598587	5.917361	0.484258	-0.185065	
5.732379	5.978340	0.074947	-0.184983	
5.868883	6.033934	0.312030	-0.109457	
6.008154	6.080344	0.241719	-0.025779	
6.150250	6.113198	0.142904	0.069907	
6.295227	6.191624	0.652848	0.182029	
6.443143	6.386404	1.634091	0.251519	
6.594058	6.692276	2.279603	0.207654	
6.748033	7.075045	2.604201	0.055757	
6.905131	7.401298	1.731455	-0.169915	
7.065413	7.534562	0.027629	-0.335885	
7.228945	7.494194	-0.936735	-0.305617	
7.395793	7.435163	-0.428842	-0.098401	
7.566024	7.507759	0.962087	0.130861	
7.739707	7.730283	1.934857	0.231948	
7.916911	8.044284	2.249912	0.186628	
8.097708	8.353446	1.835613	0.053424	
8.282171	8.556823	0.797130	-0.071275	
8.470374	8.647979	0.098046	-0.086450	
8.662393	8.727453	0.430111	0.014414	
8.858305	8.912390	1.531480	0.130852	
9.058189	9.220718	2.343534	0.145800	
9.262127	9.598681	2.546313	0.041409	
9.470199	9.960262	2.103959	-0.128482	
9.682490	10.191394	0.864999	-0.277772	
9.899086	10.260788	-0.230587	-0.292308	
10.120073	10.263439	-0.251069	-0.140716	
10.345541	10.344624	0.801245	0.082101	
10.575580	10.554660	1.775626	0.230956	
10.810283	10.903897	2.652220	0.255623	
11.049746	11.301819	2.582271	0.145849	
11.294063	11.613905	1.529171	-0.007755	
11.543335	11.800881	0.621420	-0.070570	
11.797660	11.951601	0.759296	-0.003221	
12.057142	12.194251	1.823615	0.105541	
12.321886	12.558092	2.667818	0.127635	
12.591997	13.017245	3.136166	0.033905	
12.867585	13.474979	2.740719	-0.149661	
13.148760	13.797528	1.394565	-0.326218	
13.435637	13.938823	0.122743	-0.361891	
13.728330	13.986599	-0.087414	-0.210492	
14.026958	14.089723	0.840131	0.040359	
14.331641	14.331359	2.003866	0.241919	
14.642502	14.710489	2.824761	0.311143	
14.959665	15.182583	3.204414	0.249176	
15.283259	15.631420	2.599999	0.100677	
15.613415	15.979143	1.681881	-0.018006	
15.950264	16.249151	1.309184	-0.028879	
16.293943	16.545915	1.887608	0.044793	
16.644591	16.935300	2.706795	0.098676	
17.002348	17.449611	3.585576	0.067049	
17.367359	18.033149	3.778126	-0.082252	
17.739771	18.533049	2.664852	-0.293377	
18.119734	18.839843	1.068347	-0.413315	
18.507401	18.988774	0.262131	-0.332442	
18.902928	19.048347	0.000000	-0.085846	
0.000000	0.020268	0.202678	-17.879647	
0.020276	0.041032	0.126567	0.000008	
0.040963	0.061854	0.125167	-0.000069	
0.062069	0.083830	0.136469	0.000215	
0.083603	0.105736	0.131166	-0.000226	
0.105574	0.127648	0.131493	-0.000162	
0.127990	0.150578	0.141647	0.000342	
0.150861	0.174516	0.147665	0.000283	
0.174196	0.198561	0.144688	-0.000321	
0.198003	0.222323	0.141452	-0.000557	
0.222294	0.246429	0.146003	-0.000030	
0.247077	0.271699	0.156275	0.000648	
0.272362	0.298223	0.164164	0.000664	
0.298160	0.325316	0.164833	-0.000063	
0.324481	0.352239	0.160863	-0.000835	
0.351336	0.378895	0.158861	-0.000903	
0.378736	0.405886	0.163285	-0.000159	
0.406691	0.433994	0.173125	0.000805	
0.435212	0.463575	0.183370	0.001218	
0.464312	0.494322	0.189147	0.000737	
0.494002	0.525530	0.189091	-0.000320	
0.524294	0.556598	0.185848	-0.001236	
0.555201	0.587418	0.183934	-0.001397	
0.586733	0.618423	0.186767	-0.000685	
0.618906	0.650304	0.194783	0.000482	
0.651730	0.683607	0.205515	0.001427	
0.685220	0.718454	0.215249	0.001613	
0.719389	0.754503	0.221114	0.000936	
0.754251	0.791169	0.222455	-0.000252	
0.789820	0.827927	0.220922	-0.001349	
0.826110	0.864575	0.219444	-0.001817	
0.863136	0.901309	0.220747	-0.001439	
0.900912	0.938617	0.226147	-0.000397	
0.939455	0.977053	0.235126	0.000837	
0.978778	1.017001	0.245734	0.001726	
1.018900	1.058534	0.255545	0.001899	
1.059834	1.101415	0.262675	0.001300	
1.101599	1.145215	0.266470	0.000184	
1.144210	1.189498	0.267631	-0.001004	
1.187686	1.233993	0.267820	-0.001812	
1.232043	1.278687	0.268959	-0.001950	
1.277299	1.323817	0.272523	-0.001387	
1.323473	1.369776	0.279074	-0.000343	
1.370583	1.416975	0.288155	0.000808	
1.418649	1.465710	0.298551	0.001674	
1.467689	1.516079	0.308753	0.001979	
1.517723	1.567974	0.317470	0.001644	
1.568772	1.621133	0.324017	0.000798	
1.620855	1.675243	0.328458	-0.000278	
1.673995	1.730039	0.331523	-0.001248	
1.728212	1.785390	0.334325	-0.001827	
1.783529	1.841331	0.338003	-0.001861	
1.839967	1.898047	0.343394	-0.001364	
1.897550	1.955816	0.350834	-0.000497	
1.956300	2.014935	0.360112	0.000483	
2.016241	2.075641	0.370577	0.001305	
2.077397	2.138059	0.381359	0.001757	
2.139794	2.202187	0.391613	0.001735	
2.203455	2.267912	0.400737	0.001268	
2.268408	2.335052	0.408499	0.000496	
2.334677	2.403414	0.415063	-0.000375	
2.402290	2.472850	0.420911	-0.001124	
2.471274	2.543294	0.426697	-0.001576	
2.541657	2.614780	0.433079	-0.001637	
2.613467	2.687430	0.440564	-0.001313	
2.686733	2.761431	0.449404	-0.000698	
2.761484	2.836988	0.459567	0.000053	
2.837751	2.914288	0.470770	0.000763	
2.915564	2.993464	0.482564	0.001276	
2.994955	3.074580	0.494450	0.001491	
3.075956	3.157772	0.507458	0.001376	
3.158599	3.241478	0.504295	0.000827	
3.242917	3.331805	0.568448	0.001440	
3.328946	3.415534	0.475976	-0.002859	
3.416718	3.507118	0.580929	0.001185	
3.506271	3.597342	0.535907	-0.000847	
3.597639	3.694679	0.612471	0.000296	
3.690859	3.788727	0.551132	-0.003820	
3.785970	3.886554	0.602079	-0.002757	
3.883009	3.980196	0.545109	-0.003545	
3.982016	4.070545	0.528920	0.001820	
4.083030	4.171552	0.648681	0.012485	
4.186092	4.299636	0.876801	0.014540	
4.291244	4.425249	0.743807	-0.008392	
4.398528	4.543284	0.677891	-0.026722	
4.507987	4.612540	0.220423	-0.035297	
4.619666	4.660988	0.207448	0.007125	
4.733608	4.774061	0.936941	0.072621	
4.849862	4.976339	1.570491	0.075801	
4.968472	5.196715	1.394651	-0.007867	
5.089487	5.338349	0.534835	-0.107228	
5.212956	5.369046	-0.259575	-0.125393	
5.338928	5.370037	-0.112869	-0.030117	
5.467455	5.447514	0.770801	0.097418	
5.598587	5.634093	1.555888	0.151074	
5.732379	5.880804	1.720784	0.098285	
5.868883	6.122164	1.426766	-0.011921	
6.008154	6.287815	0.691066	-0.114010	
6.150250	6.382259	0.281839	-0.137565	
6.295227	6.456785	0.367479	-0.087033	
6.443143	6.541624	0.550289	-0.013642	
6.594058	6.639754	0.641940	0.052434	
6.748033	6.773065	0.940591	0.108280	
6.905131	6.948270	1.218804	0.132066	
7.065413	7.181759	1.634073	0.117143	
7.228945	7.479840	2.046851	0.047187	
7.395793	7.780176	1.811038	-0.084046	
7.566024	7.981320	0.810101	-0.214151	
7.739707	8.035970	-0.258077	-0.241613	
7.916911	8.017834	-0.399962	-0.119059	
8.097708	8.048056	0.374759	0.079874	
8.282171	8.208684	1.485395	0.234115	
8.470374	8.513948	2.410125	0.261690	
8.662393	8.894920	2.588673	0.148445	
8.858305	9.235679	1.883691	-0.036615	
9.058189	9.452521	0.805394	-0.177489	
9.262127	9.566135	0.268762	-0.190394	
9.470199	9.661573	0.499930	-0.095935	
9.682490	9.811260	1.115121	0.020917	
9.899086	10.054697	1.835618	0.087825	
10.120073	10.367063	2.149916	0.065376	
10.345541	10.666146	1.741363	-0.021523	
10.575580	10.874215	0.884354	-0.090566	
10.810283	11.012307	0.548649	-0.063931	
11.049746	11.144581	0.770366	0.037439	
11.294063	11.350254	1.527643	0.149483	
11.543335	11.682058	2.495345	0.193080	
11.797660	12.106713	2.919336	0.115602	
12.057142	12.516045	2.394697	-0.049571	
12.321886	12.808879	1.291015	-0.194160	
12.591997	12.991413	0.653997	-0.216883	
12.867585	13.134601	0.701747	-0.123828	
13.148760	13.322818	1.309418	0.014160	
13.435637	13.616356	2.182514	0.112819	
13.728330	14.001006	2.672342	0.111974	
14.026958	14.391527	2.366613	0.025953	
14.331641	14.701303	1.535679	-0.059885	
14.642502	14.927602	1.023881	-0.058801	
14.959665	15.145641	1.275203	0.032064	
15.283259	15.428457	1.955997	0.137618	
15.613415	15.826303	2.847198	0.184958	
15.950264	16.324251	3.388097	0.123961	
16.293943	16.839233	3.158028	-0.030308	
16.644591	17.266326	2.211004	-0.194642	
17.002348	17.574598	1.374346	-0.263978	
17.367359	17.800108	1.022006	-0.207239	
17.739771	18.021755	1.314435	-0.060336	
18.119734	18.335361	2.249470	0.097979	
18.507401	18.778119	3.173157	0.172040	
18.902928	18.955222	0.000000	0.124809	
0.000000	0.020275	0.202746	-18.023069	
0.020276	0.040975	0.125910	0.000001	
0.040963	0.062011	0.127556	-0.000013	
0.062069	0.083721	0.132957	0.000058	
0.083603	0.105506	0.131004	-0.000118	
0.105574	0.127861	0.136418	0.000068	
0.127990	0.150989	0.141854	0.000129	
0.150861	0.174381	0.141406	-0.000128	
0.174196	0.197889	0.141513	-0.000185	
0.198003	0.222000	0.147076	0.000115	
0.222294	0.247040	0.153957	0.000294	
0.247077	0.272700	0.156449	0.000037	
0.272362	0.298488	0.155230	-0.000338	
0.298160	0.324375	0.155721	-0.000328	
0.324481	0.350843	0.161133	0.000107	
0.351336	0.378344	0.169139	0.000493	
0.378736	0.406831	0.174861	0.000391	
0.406691	0.435821	0.175955	-0.000140	
0.435212	0.464876	0.174589	-0.000609	
0.464312	0.494009	0.175109	-0.000564	
0.494002	0.523675	0.180130	-0.000006	
0.524294	0.554396	0.188548	0.000620	
0.555201	0.586355	0.196709	0.000805	
0.586733	0.619276	0.201367	0.000378	
0.618906	0.652644	0.201995	-0.000370	
0.651730	0.686085	0.200943	-0.000914	
0.685220	0.719624	0.201629	-0.000865	
0.719389	0.753665	0.206243	-0.000235	
0.754251	0.788728	0.214474	0.000587	
0.789820	0.825143	0.223893	0.001092	
0.826110	0.862863	0.231548	0.000967	
0.863136	0.901520	0.235685	0.000272	
0.900912	0.940645	0.236628	-0.000608	
0.939455	0.979940	0.236441	-0.001191	
0.978778	1.019429	0.237717	-0.001161	
1.018900	1.059446	0.242215	-0.000530	
1.059834	1.100459	0.250061	0.000388	
1.101599	1.142846	0.259814	0.001140	
1.144210	1.186728	0.269269	0.001365	
1.187686	1.231933	0.276532	0.000958	
1.232043	1.278100	0.280841	0.000110	
1.277299	1.324848	0.282818	-0.000800	
1.323473	1.371956	0.284085	-0.001375	
1.370583	1.419450	0.286513	-0.001373	
1.418649	1.467592	0.291433	-0.000802	
1.467689	1.516763	0.299147	0.000097	
1.517723	1.567321	0.308893	0.000960	
1.568772	1.619466	0.319226	0.001451	
1.620855	1.673186	0.328616	0.001389	
1.673995	1.728277	0.336027	0.000809	
1.728212	1.784438	0.341250	-0.000064	
1.783529	1.841394	0.344912	-0.000909	
1.839967	1.898995	0.348192	-0.001427	
1.897550	1.957273	0.352370	-0.001446	
1.956300	2.016423	0.358388	-0.000973	
2.016241	2.076739	0.366567	-0.000182	
2.077397	2.138521	0.376551	0.000658	
2.139794	2.201982	0.387481	0.001273	
2.203455	2.267197	0.398306	0.001473	
2.268408	2.334096	0.408126	0.001211	
2.334677	2.402501	0.416457	0.000582	
2.402290	2.472197	0.423343	-0.000210	
2.471274	2.543006	0.429301	-0.000923	
2.541657	2.614842	0.435129	-0.001349	
2.613467	2.687743	0.441661	-0.001375	
2.686733	2.761855	0.449522	-0.001010	
2.761484	2.837398	0.458975	-0.000371	
2.837751	2.914603	0.469880	0.000353	
2.915564	2.993661	0.481762	0.000961	
2.994955	3.074681	0.493973	0.001294	
3.075956	3.157698	0.506081	0.001274	
3.158599	3.242369	0.514645	0.000901	
3.242917	3.330035	0.537978	0.000549	
3.328946	3.416238	0.511368	-0.001089	
3.416718	3.508180	0.574603	0.000480	
3.506271	3.599003	0.540467	-0.001909	
3.597639	3.692622	0.572891	-0.001365	
3.690859	3.785238	0.551688	-0.001763	
3.785970	3.882309	0.600245	0.000732	
3.883009	3.980511	0.593736	0.000700	
3.982016	4.082221	0.624296	0.001505	
4.083030	4.188624	0.657190	0.000808	
4.186092	4.295586	0.644000	-0.002532	
4.291244	4.393511	0.551411	-0.004342	
4.398528	4.497931	0.652489	0.005016	
4.507987	4.608361	0.686626	0.010056	
4.619666	4.739428	0.868956	0.011305	
4.733608	4.881926	0.900704	-0.005820	
4.849862	4.996490	0.575648	-0.032064	
4.968472	5.073364	0.310490	-0.028018	
5.089487	5.155414	0.513001	0.016123	
5.212956	5.292367	1.041325	0.057542	
5.338928	5.487418	1.402705	0.046562	
5.467455	5.679145	1.137064	-0.019963	
5.598587	5.804562	0.487257	-0.080558	
5.732379	5.866874	0.121455	-0.072183	
5.868883	5.930515	0.387160	0.002009	
6.008154	6.050167	0.941959	0.077640	
6.150250	6.247126	1.490981	0.100083	
6.295227	6.482052	1.561422	0.048101	
6.443143	6.688143	1.121210	-0.038909	
6.594058	6.834093	0.635132	-0.094085	
6.748033	6.941546	0.490733	-0.086059	
6.905131	7.040221	0.556939	-0.036415	
7.065413	7.161426	0.817347	0.025192	
7.228945	7.317006	1.070978	0.067519	
7.395793	7.496794	1.175568	0.078788	
7.566024	7.700614	1.319043	0.069230	
7.739707	7.939392	1.572494	0.039093	
7.916911	8.202658	1.677554	-0.022481	
8.097708	8.434128	1.261635	-0.104950	
8.282171	8.582487	0.557706	-0.151957	
8.470374	8.657235	0.154046	-0.112113	
8.662393	8.720866	0.337321	0.005158	
8.858305	8.852071	1.057523	0.137439	
9.058189	9.100131	1.955780	0.206119	
9.262127	9.450987	2.516318	0.161996	
9.470199	9.819858	2.285290	0.019212	
9.682490	10.110253	1.428465	-0.137368	
9.899086	10.287935	0.615245	-0.211167	
10.120073	10.386338	0.273298	-0.167863	
10.345541	10.480967	0.552678	-0.040798	
10.575580	10.648765	1.299464	0.094613	
10.810283	10.926391	2.105071	0.161518	
11.049746	11.267849	2.304066	0.123354	
11.294063	11.599982	1.955509	0.026215	
11.543335	11.873871	1.410348	-0.056648	
11.797660	12.085592	1.021663	-0.076211	
12.057142	12.281577	1.112960	-0.028450	
12.321886	12.528068	1.680971	0.040309	
12.591997	12.859275	2.326108	0.063929	
12.867585	13.230543	2.387848	0.008310	
13.148760	13.566464	1.874137	-0.081782	
13.435637	13.824902	1.240702	-0.130827	
13.728330	14.018054	0.897766	-0.096572	
14.026958	14.207197	1.118819	0.008904	
14.331641	14.467914	1.850603	0.124444	
14.642502	14.838481	2.662793	0.174587	
14.959665	15.281890	2.951831	0.121185	
15.283259	15.712698	2.534444	0.001369	
15.613415	16.075292	1.902707	-0.099284	
15.950264	16.366968	1.466384	-0.125028	
16.293943	16.633292	1.496537	-0.073025	
16.644591	16.937795	1.979729	0.011298	
17.002348	17.323926	2.643298	0.064553	
17.367359	17.769100	2.907223	0.043433	
17.739771	18.211212	2.640415	-0.029329	
18.119734	18.599582	2.115262	-0.091478	
18.507401	18.918980	1.640492	-0.092181	
18.902928	19.046739	0.000000	-0.016052	
