0.000000	2.000000	0.000000	0.000000	0.000000	
0.100000	2.016709	0.100000	0.000000	0.000000	
0.200000	2.026845	0.200000	0.000000	0.000000	
0.300000	2.030440	0.300000	0.000000	0.000000	
0.400000	2.027552	0.400000	0.000000	0.000000	
0.500000	2.018267	0.500000	0.000000	0.000000	
0.600000	2.002695	0.600000	0.000000	0.000000	
0.700000	1.980973	0.700000	0.000000	0.000000	
0.800000	1.953262	0.800000	0.000000	0.000000	
0.900000	1.919746	0.900000	0.000000	0.000000	
1.000000	1.880632	1.000000	0.000000	0.000000	
1.100000	1.836152	1.100000	1.930114	0.000000	
1.200000	1.786555	1.200000	1.954400	0.000000	
1.300000	1.732113	1.300000	1.953489	0.000000	
1.400000	1.673114	1.400000	1.927381	0.000000	
1.500000	1.609865	1.500000	1.876077	0.000000	
1.600000	1.542687	1.600000	1.799576	0.000000	
1.700000	1.471918	1.700000	1.697878	0.000000	
1.800000	1.397907	1.800000	1.570984	0.000000	
1.900000	1.321013	1.900000	1.418894	0.000000	
2.000000	1.241607	2.000000	1.241607	0.000000	
2.100000	1.160065	2.100000	1.166234	0.000000	
2.200000	1.076773	2.200000	1.088776	0.000000	
2.300000	0.992117	2.300000	1.009232	0.000000	
2.400000	0.906489	2.400000	0.927603	0.000000	
2.500000	0.820278	2.500000	0.843889	0.000000	
2.600000	0.733877	2.600000	0.758089	0.000000	
2.700000	0.647672	2.700000	0.670203	0.000000	
2.800000	0.562047	2.800000	0.580232	0.000000	
2.900000	0.477378	2.900000	0.488176	0.000000	
3.000000	0.394034	3.000000	0.394034	0.000000	
3.100000	0.312376	3.100000	0.318051	0.000000	
3.200000	0.232751	3.200000	0.243662	0.000000	
3.300000	0.155496	3.300000	0.170869	0.000000	
3.400000	0.080932	3.400000	0.099672	0.000000	
3.500000	0.009366	3.500000	0.030069	0.000000	
3.600000	-0.058913	3.600000	-0.037938	0.000000	
3.700000	-0.123633	3.700000	-0.104350	0.000000	
3.800000	-0.184541	3.800000	-0.169167	0.000000	
3.900000	-0.241405	3.900000	-0.232388	0.000000	
4.000000	-0.294015	4.000000	-0.294015	0.000000	
4.100000	-0.342180	4.100000	-0.339389	0.000000	
4.200000	-0.385734	4.200000	-0.380504	0.000000	
4.300000	-0.424534	4.300000	-0.417358	0.000000	
4.400000	-0.458461	4.400000	-0.449953	0.000000	
4.500000	-0.487418	4.500000	-0.478287	0.000000	
4.600000	-0.511336	4.600000	-0.502362	0.000000	
4.700000	-0.530168	4.700000	-0.522176	0.000000	
4.800000	-0.543893	4.800000	-0.537730	0.000000	
4.900000	-0.552514	4.900000	-0.549024	0.000000	
5.000000	-0.556058	5.000000	-0.556058	0.000000	
5.100000	-0.554577	5.100000	-0.555681	0.000000	
5.200000	-0.548146	5.200000	-0.550470	0.000000	
5.300000	-0.536864	5.300000	-0.540426	0.000000	
5.400000	-0.520850	5.400000	-0.525549	0.000000	
5.500000	-0.500248	5.500000	-0.505839	0.000000	
5.600000	-0.475220	5.600000	-0.481296	0.000000	
5.700000	-0.445950	5.700000	-0.451919	0.000000	
5.800000	-0.412640	5.800000	-0.417710	0.000000	
5.900000	-0.375508	5.900000	-0.378668	0.000000	
6.000000	-0.334792	6.000000	-0.334792	0.000000	
6.100000	-0.290742	6.100000	-0.294948	0.000000	
6.200000	-0.243623	6.200000	-0.251882	0.000000	
6.300000	-0.193713	6.300000	-0.205594	0.000000	
6.400000	-0.141300	6.400000	-0.156085	0.000000	
6.500000	-0.086681	6.500000	-0.103355	0.000000	
6.600000	-0.030163	6.600000	-0.047404	0.000000	
6.700000	0.027944	6.700000	0.011769	0.000000	
6.800000	0.087323	6.800000	0.074164	0.000000	
6.900000	0.147654	6.900000	0.139780	0.000000	
7.000000	0.208617	7.000000	0.208617	0.000000	
7.100000	0.269892	7.100000	0.264755	0.000000	
7.200000	0.331159	7.200000	0.321220	0.000000	
7.300000	0.392105	7.300000	0.378012	0.000000	
7.400000	0.452418	7.400000	0.435130	0.000000	
7.500000	0.511797	7.500000	0.492575	0.000000	
7.600000	0.569945	7.600000	0.550347	0.000000	
7.700000	0.626578	7.700000	0.608446	0.000000	
7.800000	0.681421	7.800000	0.666871	0.000000	
7.900000	0.734212	7.900000	0.725624	0.000000	
8.000000	0.784702	8.000000	0.784702	0.000000	
8.100000	0.832659	8.100000	0.829087	0.000000	
8.200000	0.877865	8.200000	0.871067	0.000000	
8.300000	0.920118	8.300000	0.910643	0.000000	
8.400000	0.959237	8.400000	0.947814	0.000000	
8.500000	0.995057	8.500000	0.982581	0.000000	
8.600000	1.027435	8.600000	1.014944	0.000000	
8.700000	1.056246	8.700000	1.044902	0.000000	
8.800000	1.081387	8.800000	1.072456	0.000000	
8.900000	1.102775	8.900000	1.097605	0.000000	
9.000000	1.120350	9.000000	1.120350	0.000000	
9.100000	1.134073	9.100000	1.133696	0.000000	
9.200000	1.143925	9.200000	1.143365	0.000000	
9.300000	1.149912	9.300000	1.149358	0.000000	
9.400000	1.152059	9.400000	1.151675	0.000000	
9.500000	1.150413	9.500000	1.150316	0.000000	
9.600000	1.145042	9.600000	1.145280	0.000000	
9.700000	1.136034	9.700000	1.136568	0.000000	
9.800000	1.123500	9.800000	1.124180	0.000000	
9.900000	1.107565	9.900000	1.108116	0.000000	
10.000000	1.088376	10.000000	1.088376	0.000000	
10.100000	1.066097	10.100000	1.068924	-0.002827	
10.200000	1.040908	10.200000	1.046516	-0.005608	
10.300000	1.013005	10.300000	1.021153	-0.008148	
10.400000	0.982599	10.400000	0.992834	-0.010236	
10.500000	0.949912	10.500000	0.961561	-0.011649	
10.600000	0.915181	10.600000	0.927331	-0.012151	
10.700000	0.878651	10.700000	0.890147	-0.011496	
10.800000	0.840578	10.800000	0.850007	-0.009429	
10.900000	0.801224	10.900000	0.806911	-0.005687	
11.000000	0.760860	11.000000	0.760860	0.000000	
11.100000	0.719759	11.100000	0.724201	-0.004442	
11.200000	0.678199	11.200000	0.686831	-0.008633	
11.300000	0.636458	11.300000	0.648751	-0.012293	
11.400000	0.594816	11.400000	0.609961	-0.015145	
11.500000	0.553551	11.500000	0.570460	-0.016909	
11.600000	0.512937	11.600000	0.530248	-0.017311	
11.700000	0.473244	11.700000	0.489326	-0.016082	
11.800000	0.434737	11.800000	0.447694	-0.012956	
11.900000	0.397672	11.900000	0.405351	-0.007678	
12.000000	0.362297	12.000000	0.362297	-0.000000	
12.100000	0.328849	12.100000	0.332513	-0.003664	
12.200000	0.297553	12.200000	0.304561	-0.007008	
12.300000	0.268622	12.300000	0.278440	-0.009818	
12.400000	0.242253	12.400000	0.254150	-0.011897	
12.500000	0.218629	12.500000	0.231691	-0.013062	
12.600000	0.197917	12.600000	0.211064	-0.013148	
12.700000	0.180264	12.700000	0.192268	-0.012005	
12.800000	0.165801	12.800000	0.175304	-0.009503	
12.900000	0.154639	12.900000	0.160171	-0.005532	
13.000000	0.146869	13.000000	0.146869	-0.000000	
13.100000	0.142561	13.100000	0.143431	-0.000870	
13.200000	0.141766	13.200000	0.143286	-0.001520	
13.300000	0.144510	13.300000	0.146432	-0.001922	
13.400000	0.150801	13.400000	0.152870	-0.002069	
13.500000	0.160623	13.500000	0.162600	-0.001978	
13.600000	0.173938	13.600000	0.175622	-0.001684	
13.700000	0.190688	13.700000	0.191936	-0.001248	
13.800000	0.210791	13.800000	0.211542	-0.000750	
13.900000	0.234146	13.900000	0.234439	-0.000293	
14.000000	0.260629	14.000000	0.260629	-0.000000	
14.100000	0.290096	14.100000	0.287533	0.002563	
14.200000	0.322384	14.200000	0.317261	0.005123	
14.300000	0.357310	14.300000	0.349812	0.007497	
14.400000	0.394673	14.400000	0.385187	0.009486	
14.500000	0.434255	14.500000	0.423385	0.010870	
14.600000	0.475822	14.600000	0.464407	0.011415	
14.700000	0.519123	14.700000	0.508252	0.010871	
14.800000	0.563893	14.800000	0.554920	0.008973	
14.900000	0.609858	14.900000	0.604412	0.005446	
15.000000	0.656727	15.000000	0.656727	-0.000000	
15.100000	0.704203	15.100000	0.699292	0.004911	
15.200000	0.751980	15.200000	0.742395	0.009584	
15.300000	0.799742	15.300000	0.786035	0.013707	
15.400000	0.847171	15.400000	0.830213	0.016958	
15.500000	0.893942	15.500000	0.874927	0.019015	
15.600000	0.939732	15.600000	0.920179	0.019552	
15.700000	0.984212	15.700000	0.965969	0.018243	
15.800000	1.027058	15.800000	1.012296	0.014763	
15.900000	1.067948	15.900000	1.059160	0.008788	
16.000000	1.106562	16.000000	1.106562	0.000000	
16.100000	1.142588	16.100000	1.137652	0.004936	
16.200000	1.175721	16.200000	1.166217	0.009505	
16.300000	1.205667	16.300000	1.192255	0.013411	
16.400000	1.232139	16.400000	1.215768	0.016371	
16.500000	1.254865	16.500000	1.236755	0.018110	
16.600000	1.273586	16.600000	1.255216	0.018371	
16.700000	1.288059	16.700000	1.271150	0.016908	
16.800000	1.298055	16.800000	1.284559	0.013496	
16.900000	1.303365	16.900000	1.295442	0.007923	
17.000000	1.303799	17.000000	1.303799	0.000000	
17.100000	1.299185	17.100000	1.296700	0.002485	
17.200000	1.289373	17.200000	1.284724	0.004650	
17.300000	1.274236	17.300000	1.267871	0.006366	
17.400000	1.253668	17.400000	1.246141	0.007528	
17.500000	1.227588	17.500000	1.219534	0.008054	
17.600000	1.195938	17.600000	1.188050	0.007888	
17.700000	1.158685	17.700000	1.151690	0.006995	
17.800000	1.115820	17.800000	1.110452	0.005367	
17.900000	1.067360	17.900000	1.064338	0.003022	
18.000000	1.013347	18.000000	1.013347	0.000000	
18.100000	0.953849	18.100000	0.955258	-0.001409	
18.200000	0.888958	18.200000	0.891888	-0.002931	
18.300000	0.818791	18.300000	0.823238	-0.004447	
18.400000	0.743492	18.400000	0.749308	-0.005816	
18.500000	0.663226	18.500000	0.670096	-0.006870	
18.600000	0.578183	18.600000	0.585604	-0.007421	
18.700000	0.488577	18.700000	0.495831	-0.007255	
18.800000	0.394641	18.800000	0.400778	-0.006137	
18.900000	0.296633	18.900000	0.300444	-0.003810	
19.000000	0.194829	19.000000	0.194829	0.000000	
19.100000	0.089524	19.100000	0.094523	-0.004999	
19.200000	-0.018968	19.200000	-0.009138	-0.009830	
19.300000	-0.130317	19.300000	-0.116155	-0.014163	
19.400000	-0.244179	19.400000	-0.226527	-0.017652	
19.500000	-0.360193	19.500000	-0.340254	-0.019939	
19.600000	-0.477989	19.600000	-0.457337	-0.020653	
19.700000	-0.597185	19.700000	-0.577774	-0.019410	
19.800000	-0.717388	19.800000	-0.701568	-0.015821	
19.900000	-0.838202	19.900000	-0.828716	-0.009485	
20.000000	-0.959220	20.000000	-0.959220	-0.000000	
20.100000	-1.080036	20.100000	-1.073411	-0.006625	
20.200000	-1.200238	20.200000	-1.187380	-0.012857	
20.300000	-1.319415	20.300000	-1.301129	-0.018286	
20.400000	-1.437159	20.400000	-1.414658	-0.022501	
20.500000	-1.553062	20.500000	-1.527965	-0.025097	
20.600000	-1.666723	20.600000	-1.641052	-0.025672	
20.700000	-1.777748	20.700000	-1.753917	-0.023831	
20.800000	-1.885750	20.800000	-1.866562	-0.019187	
20.900000	-1.990352	20.900000	-1.978987	-0.011365	
21.000000	-2.091190	21.000000	-2.091190	0.000000	
21.100000	-2.187913	21.100000	-2.182419	-0.005494	
21.200000	-2.280185	21.200000	-2.269654	-0.010530	
21.300000	-2.367685	21.300000	-2.352895	-0.014790	
21.400000	-2.450111	21.400000	-2.432142	-0.017969	
21.500000	-2.527180	21.500000	-2.507394	-0.019786	
21.600000	-2.598630	21.600000	-2.578653	-0.019977	
21.700000	-2.664218	21.700000	-2.645917	-0.018301	
21.800000	-2.723727	21.800000	-2.709187	-0.014540	
21.900000	-2.776959	21.900000	-2.768463	-0.008496	
22.000000	-2.823745	22.000000	-2.823745	-0.000000	
22.100000	-2.863937	22.100000	-2.861883	-0.002054	
22.200000	-2.897416	22.200000	-2.893637	-0.003779	
22.300000	-2.924087	22.300000	-2.919006	-0.005081	
22.400000	-2.943881	22.400000	-2.937990	-0.005891	
22.500000	-2.956757	22.500000	-2.950589	-0.006169	
22.600000	-2.962702	22.600000	-2.956803	-0.005899	
22.700000	-2.961727	22.700000	-2.956632	-0.005095	
22.800000	-2.953872	22.800000	-2.950076	-0.003796	
22.900000	-2.939202	22.900000	-2.937136	-0.002067	
23.000000	-2.917810	23.000000	-2.917810	-0.000000	
23.100000	-2.889814	23.100000	-2.892016	0.002203	
23.200000	-2.855355	23.200000	-2.859823	0.004467	
23.300000	-2.814603	23.300000	-2.821229	0.006626	
23.400000	-2.767747	23.400000	-2.776235	0.008488	
23.500000	-2.715002	23.500000	-2.724841	0.009839	
23.600000	-2.656602	23.600000	-2.667047	0.010444	
23.700000	-2.592805	23.700000	-2.602853	0.010048	
23.800000	-2.523885	23.800000	-2.532258	0.008373	
23.900000	-2.450137	23.900000	-2.455264	0.005127	
24.000000	-2.371870	24.000000	-2.371870	0.000000	
24.100000	-2.289410	24.100000	-2.294833	0.005423	
24.200000	-2.203097	24.200000	-2.213716	0.010619	
24.300000	-2.113282	24.300000	-2.128518	0.015235	
24.400000	-2.020328	24.400000	-2.039239	0.018911	
24.500000	-1.924606	24.500000	-1.945881	0.021274	
24.600000	-1.826494	24.600000	-1.848441	0.021947	
24.700000	-1.726377	24.700000	-1.746921	0.020544	
24.800000	-1.624642	24.800000	-1.641321	0.016679	
24.900000	-1.521679	24.900000	-1.531640	0.009961	
25.000000	-1.417878	25.000000	-1.417878	-0.000000	
25.100000	-1.313629	25.100000	-1.319868	0.006239	
25.200000	-1.209316	25.200000	-1.221383	0.012068	
25.300000	-1.105320	25.300000	-1.122423	0.017104	
25.400000	-1.002015	25.400000	-1.022989	0.020974	
25.500000	-0.899767	25.500000	-0.923080	0.023313	
25.600000	-0.798932	25.600000	-0.822696	0.023764	
25.700000	-0.699855	25.700000	-0.721838	0.021982	
25.800000	-0.602867	25.800000	-0.620504	0.017637	
25.900000	-0.508286	25.900000	-0.518696	0.010410	
26.000000	-0.416414	26.000000	-0.416414	-0.000000	
26.100000	-0.327535	26.100000	-0.331927	0.004393	
26.200000	-0.241917	26.200000	-0.250288	0.008372	
26.300000	-0.159807	26.300000	-0.171497	0.011690	
26.400000	-0.081434	26.400000	-0.095552	0.014119	
26.500000	-0.007003	26.500000	-0.022455	0.015452	
26.600000	0.063299	26.600000	0.047794	0.015504	
26.700000	0.129310	26.700000	0.115197	0.014113	
26.800000	0.190891	26.800000	0.179752	0.011139	
26.900000	0.247925	26.900000	0.241460	0.006465	
27.000000	0.300321	27.000000	0.300321	-0.000000	
27.100000	0.348008	27.100000	0.347176	0.000832	
27.200000	0.390943	27.200000	0.389519	0.001424	
27.300000	0.429106	27.300000	0.427350	0.001756	
27.400000	0.462500	27.400000	0.460668	0.001831	
27.500000	0.491151	27.500000	0.489474	0.001677	
27.600000	0.515111	27.600000	0.513768	0.001343	
27.700000	0.534452	27.700000	0.533550	0.000902	
27.800000	0.549269	27.800000	0.548819	0.000450	
27.900000	0.559679	27.900000	0.559575	0.000104	
28.000000	0.565820	28.000000	0.565820	0.000000	
28.100000	0.567848	28.100000	0.570589	-0.002741	
28.200000	0.565939	28.200000	0.571398	-0.005459	
28.300000	0.560287	28.300000	0.568248	-0.007961	
28.400000	0.551102	28.400000	0.561137	-0.010035	
28.500000	0.538609	28.500000	0.550066	-0.011457	
28.600000	0.523047	28.600000	0.535035	-0.011987	
28.700000	0.504669	28.700000	0.516044	-0.011375	
28.800000	0.483737	28.800000	0.493092	-0.009356	
28.900000	0.460523	28.900000	0.466181	-0.005658	
29.000000	0.435309	29.000000	0.435309	0.000000	
29.100000	0.408383	29.100000	0.413062	-0.004679	
29.200000	0.380035	29.200000	0.389142	-0.009107	
29.300000	0.350563	29.300000	0.363550	-0.012987	
29.400000	0.320264	29.400000	0.336286	-0.016022	
29.500000	0.289436	29.500000	0.307350	-0.017915	
29.600000	0.258374	29.600000	0.276742	-0.018368	
29.700000	0.227373	29.700000	0.244462	-0.017089	
29.800000	0.196721	29.800000	0.210509	-0.013788	
29.900000	0.166701	29.900000	0.174885	-0.008184	
30.000000	0.137588	30.000000	0.137588	-0.000000	
30.100000	0.109648	30.100000	0.113801	-0.004154	
30.200000	0.083137	30.200000	0.091103	-0.007967	
30.300000	0.058298	30.300000	0.069494	-0.011196	
30.400000	0.035362	30.400000	0.048972	-0.013610	
30.500000	0.014546	30.500000	0.029539	-0.014994	
30.600000	-0.003950	30.600000	0.011195	-0.015145	
30.700000	-0.019941	30.700000	-0.006062	-0.013879	
30.800000	-0.033259	30.800000	-0.022230	-0.011029	
30.900000	-0.043756	30.900000	-0.037310	-0.006446	
31.000000	-0.051301	31.000000	-0.051301	-0.000000	
31.100000	-0.055785	31.100000	-0.054252	-0.001533	
31.200000	-0.057117	31.200000	-0.054305	-0.002812	
31.300000	-0.055228	31.300000	-0.051460	-0.003768	
31.400000	-0.050069	31.400000	-0.045717	-0.004352	
31.500000	-0.041613	31.500000	-0.037077	-0.004536	
31.600000	-0.029854	31.600000	-0.025539	-0.004315	
31.700000	-0.014807	31.700000	-0.011102	-0.003704	
31.800000	0.003492	31.800000	0.006232	-0.002740	
31.900000	0.024984	31.900000	0.026463	-0.001479	
32.000000	0.049593	32.000000	0.049593	0.000000	
32.100000	0.077220	32.100000	0.075407	0.001812	
32.200000	0.107747	32.200000	0.104081	0.003666	
32.300000	0.141037	32.300000	0.135613	0.005424	
32.400000	0.176937	32.400000	0.170005	0.006932	
32.500000	0.215273	32.500000	0.207255	0.008017	
32.600000	0.255857	32.600000	0.247365	0.008492	
32.700000	0.298486	32.700000	0.290334	0.008152	
32.800000	0.342941	32.800000	0.336162	0.006779	
32.900000	0.388991	32.900000	0.384848	0.004143	
33.000000	0.436394	33.000000	0.436394	0.000000	
33.100000	0.484897	33.100000	0.480719	0.004178	
33.200000	0.534237	33.200000	0.526069	0.008167	
33.300000	0.584144	33.300000	0.572446	0.011698	
33.400000	0.634342	33.400000	0.619849	0.014493	
33.500000	0.684552	33.500000	0.668279	0.016273	
33.600000	0.734489	33.600000	0.717734	0.016755	
33.700000	0.783868	33.700000	0.768216	0.015652	
33.800000	0.832404	33.800000	0.819724	0.012681	
33.900000	0.879815	33.900000	0.872258	0.007557	
34.000000	0.925818	34.000000	0.925818	0.000000	
34.100000	0.970140	34.100000	0.965792	0.004349	
34.200000	1.012511	34.200000	1.004134	0.008377	
34.300000	1.052669	34.300000	1.040846	0.011823	
34.400000	1.090363	34.400000	1.075927	0.014436	
34.500000	1.125351	34.500000	1.109377	0.015974	
34.600000	1.157403	34.600000	1.141196	0.016207	
34.700000	1.186304	34.700000	1.171385	0.014919	
34.800000	1.211853	34.800000	1.199943	0.011910	
34.900000	1.233863	34.900000	1.226870	0.006993	
35.000000	1.252166	35.000000	1.252166	-0.000000	
35.100000	1.266612	35.100000	1.264426	0.002186	
35.200000	1.277068	35.200000	1.272982	0.004086	
35.300000	1.283423	35.300000	1.277834	0.005590	
35.400000	1.285585	35.400000	1.278981	0.006604	
35.500000	1.283482	35.500000	1.276423	0.007059	
35.600000	1.277067	35.600000	1.270161	0.006906	
35.700000	1.266311	35.700000	1.260194	0.006117	
35.800000	1.251211	35.800000	1.246524	0.004687	
35.900000	1.231783	35.900000	1.229148	0.002635	
36.000000	1.208068	36.000000	1.208068	-0.000000	
36.100000	1.180130	36.100000	1.181427	-0.001298	
36.200000	1.148053	36.200000	1.150745	-0.002692	
36.300000	1.111944	36.300000	1.116020	-0.004076	
36.400000	1.071934	36.400000	1.077253	-0.005319	
36.500000	1.028173	36.500000	1.034444	-0.006272	
36.600000	0.980831	36.600000	0.987593	-0.006762	
36.700000	0.930101	36.700000	0.936701	-0.006600	
36.800000	0.876192	36.800000	0.881766	-0.005574	
36.900000	0.819333	36.900000	0.822789	-0.003456	
37.000000	0.759770	37.000000	0.759770	-0.000000	
37.100000	0.697766	37.100000	0.702179	-0.004413	
37.200000	0.633597	37.200000	0.642268	-0.008671	
37.300000	0.567554	37.300000	0.580036	-0.012482	
37.400000	0.499940	37.400000	0.515484	-0.015544	
37.500000	0.431070	37.500000	0.448612	-0.017542	
37.600000	0.361267	37.600000	0.379420	-0.018153	
37.700000	0.290863	37.700000	0.307908	-0.017044	
37.800000	0.220196	37.800000	0.234075	-0.013878	
37.900000	0.149609	37.900000	0.157922	-0.008312	
38.000000	0.079448	38.000000	0.079448	0.000000	
38.100000	0.010061	38.100000	0.015663	-0.005602	
38.200000	-0.058205	38.200000	-0.047351	-0.010854	
38.300000	-0.125005	38.300000	-0.109593	-0.015412	
38.400000	-0.189995	38.400000	-0.171062	-0.018933	
38.500000	-0.252841	38.500000	-0.231760	-0.021081	
38.600000	-0.313210	38.600000	-0.291685	-0.021525	
38.700000	-0.370783	38.700000	-0.350839	-0.019945	
38.800000	-0.425248	38.800000	-0.409220	-0.016028	
38.900000	-0.476304	38.900000	-0.466829	-0.009475	
39.000000	-0.523667	39.000000	-0.523667	0.000000	
39.100000	-0.567062	39.100000	-0.562881	-0.004182	
39.200000	-0.606236	39.200000	-0.598259	-0.007977	
39.300000	-0.640950	39.300000	-0.629802	-0.011148	
39.400000	-0.670982	39.400000	-0.657508	-0.013474	
39.500000	-0.696135	39.500000	-0.681379	-0.014756	
39.600000	-0.716228	39.600000	-0.701414	-0.014813	
39.700000	-0.731103	39.700000	-0.717613	-0.013490	
39.800000	-0.740626	39.800000	-0.729977	-0.010650	
39.900000	-0.744686	39.900000	-0.738504	-0.006182	
40.000000	-0.743196	40.000000	-0.743196	-0.000000	
40.100000	-0.736092	40.100000	-0.735398	-0.000693	
40.200000	-0.723337	40.200000	-0.722192	-0.001145	
40.300000	-0.704920	40.300000	-0.703577	-0.001343	
40.400000	-0.680853	40.400000	-0.679552	-0.001301	
40.500000	-0.651177	40.500000	-0.650118	-0.001059	
40.600000	-0.615956	40.600000	-0.615276	-0.000681	
40.700000	-0.575282	40.700000	-0.575024	-0.000258	
40.800000	-0.529268	40.800000	-0.529363	0.000095	
40.900000	-0.478057	40.900000	-0.478293	0.000235	
41.000000	-0.421813	41.000000	-0.421813	0.000000	
41.100000	-0.360726	41.100000	-0.364060	0.003334	
41.200000	-0.295006	41.200000	-0.301649	0.006644	
41.300000	-0.224887	41.300000	-0.234582	0.009694	
41.400000	-0.150625	41.400000	-0.162856	0.012231	
41.500000	-0.072495	41.500000	-0.086474	0.013979	
41.600000	0.009210	41.600000	-0.005434	0.014644	
41.700000	0.094177	41.700000	0.080263	0.013914	
41.800000	0.182078	41.800000	0.170617	0.011461	
41.900000	0.272571	41.900000	0.265629	0.006942	
42.000000	0.365298	42.000000	0.365298	-0.000000	
42.100000	0.459891	42.100000	0.453808	0.006082	
42.200000	0.555970	42.200000	0.544100	0.011870	
42.300000	0.653149	42.300000	0.636174	0.016975	
42.400000	0.751032	42.400000	0.730030	0.021002	
42.500000	0.849220	42.500000	0.825667	0.023553	
42.600000	0.947309	42.600000	0.923086	0.024222	
42.700000	1.044893	42.700000	1.022287	0.022606	
42.800000	1.141568	42.800000	1.123269	0.018299	
42.900000	1.236930	42.900000	1.226033	0.010896	
43.000000	1.330579	43.000000	1.330579	-0.000000	
43.100000	1.422122	43.100000	1.415839	0.006283	
43.200000	1.511170	43.200000	1.499049	0.012121	
43.300000	1.597346	43.300000	1.580211	0.017135	
43.400000	1.680282	43.400000	1.659324	0.020958	
43.500000	1.759621	43.500000	1.736388	0.023233	
43.600000	1.835023	43.600000	1.811403	0.023620	
43.700000	1.906160	43.700000	1.884370	0.021791	
43.800000	1.972723	43.800000	1.955287	0.017436	
43.900000	2.034419	43.900000	2.024156	0.010263	
44.000000	2.090976	44.000000	2.090976	-0.000000	
44.100000	2.142141	44.100000	2.138330	0.003811	
44.200000	2.187685	44.200000	2.180469	0.007216	
44.300000	2.227399	44.300000	2.217392	0.010007	
44.400000	2.261099	44.400000	2.249100	0.011999	
44.500000	2.288625	44.500000	2.275592	0.013033	
44.600000	2.309842	44.600000	2.296869	0.012973	
44.700000	2.324640	44.700000	2.312930	0.011710	
44.800000	2.332936	44.800000	2.323775	0.009161	
44.900000	2.334673	44.900000	2.329406	0.005268	
45.000000	2.329820	45.000000	2.329820	-0.000000	
45.100000	2.318373	45.100000	2.318626	-0.000253	
45.200000	2.300355	45.200000	2.301055	-0.000700	
45.300000	2.275815	45.300000	2.277105	-0.001291	
45.400000	2.244827	45.400000	2.246778	-0.001951	
45.500000	2.207492	45.500000	2.210073	-0.002580	
45.600000	2.163937	45.600000	2.166989	-0.003052	
45.700000	2.114312	45.700000	2.117528	-0.003216	
45.800000	2.058792	45.800000	2.061690	-0.002897	
45.900000	1.997574	45.900000	1.999473	-0.001898	
46.000000	1.930878	46.000000	1.930878	-0.000000	
46.100000	1.858944	46.100000	1.863064	-0.004120	
46.200000	1.782033	46.200000	1.790173	-0.008141	
46.300000	1.700423	46.300000	1.712206	-0.011783	
46.400000	1.614410	46.400000	1.629163	-0.014752	
46.500000	1.524308	46.500000	1.541043	-0.016735	
46.600000	1.430443	46.600000	1.447846	-0.017404	
46.700000	1.333153	46.700000	1.349574	-0.016421	
46.800000	1.232791	46.800000	1.246225	-0.013434	
46.900000	1.129716	46.900000	1.137799	-0.008083	
47.000000	1.024297	47.000000	1.024297	-0.000000	
47.100000	0.916910	47.100000	0.923022	-0.006111	
47.200000	0.807935	47.200000	0.819816	-0.011881	
47.300000	0.697753	47.300000	0.714679	-0.016926	
47.400000	0.586749	47.400000	0.607612	-0.020863	
47.500000	0.475306	47.500000	0.498615	-0.023309	
47.600000	0.363805	47.600000	0.387687	-0.023882	
47.700000	0.252623	47.700000	0.274829	-0.022205	
47.800000	0.142133	47.800000	0.160040	-0.017907	
47.900000	0.032697	47.900000	0.043320	-0.010624	
48.000000	-0.075329	48.000000	-0.075329	0.000000	
48.100000	-0.181600	48.100000	-0.176171	-0.005429	
48.200000	-0.285783	48.200000	-0.275355	-0.010428	
48.300000	-0.387558	48.300000	-0.372881	-0.014678	
48.400000	-0.486621	48.400000	-0.468748	-0.017873	
48.500000	-0.582683	48.500000	-0.562957	-0.019726	
48.600000	-0.675472	48.600000	-0.655508	-0.019965	
48.700000	-0.764735	48.700000	-0.746400	-0.018335	
48.800000	-0.850238	48.800000	-0.835634	-0.014603	
48.900000	-0.931766	48.900000	-0.923210	-0.008556	
49.000000	-1.009128	49.000000	-1.009128	-0.000000	
49.100000	-1.082151	49.100000	-1.079647	-0.002505	
49.200000	-1.150689	49.200000	-1.146009	-0.004679	
49.300000	-1.214613	49.300000	-1.208216	-0.006398	
49.400000	-1.273823	49.400000	-1.266265	-0.007558	
49.500000	-1.328238	49.500000	-1.320158	-0.008080	
49.600000	-1.377804	49.600000	-1.369895	-0.007909	
49.700000	-1.422487	49.700000	-1.415475	-0.007012	
49.800000	-1.462280	49.800000	-1.456899	-0.005381	
49.900000	-1.497198	49.900000	-1.494166	-0.003031	
50.000000	-1.527277	50.000000	-1.527277	-0.000000	
50.100000	-1.552579	50.100000	-1.553797	0.001219	
50.200000	-1.573185	50.200000	-1.575719	0.002534	
50.300000	-1.589200	50.300000	-1.593042	0.003842	
50.400000	-1.600747	50.400000	-1.605765	0.005018	
50.500000	-1.607971	50.500000	-1.613890	0.005919	
50.600000	-1.611034	50.600000	-1.617416	0.006382	
50.700000	-1.610117	50.700000	-1.616342	0.006226	
50.800000	-1.605416	50.800000	-1.610670	0.005254	
50.900000	-1.597144	50.900000	-1.600399	0.003255	
51.000000	-1.585529	51.000000	-1.585529	-0.000000	
51.100000	-1.570808	51.100000	-1.574788	0.003980	
51.200000	-1.553234	51.200000	-1.561035	0.007801	
51.300000	-1.533067	51.300000	-1.544270	0.011204	
51.400000	-1.510575	51.400000	-1.524493	0.013918	
51.500000	-1.486036	51.500000	-1.501704	0.015668	
51.600000	-1.459731	51.600000	-1.475904	0.016173	
51.700000	-1.431945	51.700000	-1.447091	0.015146	
51.800000	-1.402966	51.800000	-1.415266	0.012300	
51.900000	-1.373082	51.900000	-1.380429	0.007347	
52.000000	-1.342580	52.000000	-1.342580	-0.000000	
52.100000	-1.311745	52.100000	-1.316272	0.004527	
52.200000	-1.280858	52.200000	-1.289598	0.008740	
52.300000	-1.250194	52.300000	-1.262559	0.012365	
52.400000	-1.220020	52.400000	-1.235153	0.015133	
52.500000	-1.190596	52.500000	-1.207381	0.016785	
52.600000	-1.162172	52.600000	-1.179243	0.017071	
52.700000	-1.134985	52.700000	-1.150740	0.015755	
52.800000	-1.109261	52.800000	-1.121870	0.012609	
52.900000	-1.085211	52.900000	-1.092634	0.007423	
53.000000	-1.063033	53.000000	-1.063033	-0.000000	
53.100000	-1.042906	53.100000	-1.045609	0.002703	
53.200000	-1.024996	53.200000	-1.030101	0.005105	
53.300000	-1.009448	53.300000	-1.016507	0.007059	
53.400000	-0.996389	53.400000	-1.004828	0.008439	
53.500000	-0.985927	53.500000	-0.995063	0.009136	
53.600000	-0.978152	53.600000	-0.987214	0.009062	
53.700000	-0.973131	53.700000	-0.981279	0.008148	
53.800000	-0.970912	53.800000	-0.977259	0.006347	
53.900000	-0.971520	53.900000	-0.975154	0.003633	
54.000000	-0.974963	54.000000	-0.974963	0.000000	
54.100000	-0.981225	54.100000	-0.980725	-0.000499	
54.200000	-0.990268	54.200000	-0.989136	-0.001132	
54.300000	-1.002037	54.300000	-1.000196	-0.001841	
54.400000	-1.016454	54.400000	-1.013905	-0.002549	
54.500000	-1.033421	54.500000	-1.030263	-0.003158	
54.600000	-1.052822	54.600000	-1.049270	-0.003552	
54.700000	-1.074521	54.700000	-1.070925	-0.003596	
54.800000	-1.098364	54.800000	-1.095230	-0.003135	
54.900000	-1.124182	54.900000	-1.122183	-0.001998	
55.000000	-1.151786	55.000000	-1.151786	-0.000000	
55.100000	-1.180974	55.100000	-1.177551	-0.003423	
55.200000	-1.211530	55.200000	-1.204786	-0.006744	
55.300000	-1.243224	55.300000	-1.233490	-0.009734	
55.400000	-1.275816	55.400000	-1.263665	-0.012151	
55.500000	-1.309053	55.500000	-1.295309	-0.013745	
55.600000	-1.342676	55.600000	-1.328422	-0.014254	
55.700000	-1.376416	55.700000	-1.363005	-0.013410	
55.800000	-1.409998	55.800000	-1.399058	-0.010940	
55.900000	-1.443144	55.900000	-1.436581	-0.006564	
56.000000	-1.475573	56.000000	-1.475573	0.000000	
56.100000	-1.507000	56.100000	-1.502449	-0.004551	
56.200000	-1.537143	56.200000	-1.528325	-0.008818	
56.300000	-1.565720	56.300000	-1.553201	-0.012519	
56.400000	-1.592452	56.400000	-1.577076	-0.015376	
56.500000	-1.617066	56.500000	-1.599950	-0.017116	
56.600000	-1.639294	56.600000	-1.621824	-0.017470	
56.700000	-1.658878	56.700000	-1.642698	-0.016180	
56.800000	-1.675567	56.800000	-1.662571	-0.012996	
56.900000	-1.689122	56.900000	-1.681444	-0.007678	
57.000000	-1.699316	57.000000	-1.699316	0.000000	
57.100000	-1.705936	57.100000	-1.702694	-0.003242	
57.200000	-1.708782	57.200000	-1.702618	-0.006165	
57.300000	-1.707674	57.300000	-1.699088	-0.008586	
57.400000	-1.702444	57.400000	-1.692104	-0.010340	
57.500000	-1.692946	57.500000	-1.681666	-0.011280	
57.600000	-1.679052	57.600000	-1.667774	-0.011278	
57.700000	-1.660653	57.700000	-1.650428	-0.010225	
57.800000	-1.637663	57.800000	-1.629629	-0.008035	
57.900000	-1.610016	57.900000	-1.605375	-0.004641	
58.000000	-1.577668	58.000000	-1.577668	-0.000000	
58.100000	-1.540597	58.100000	-1.540549	-0.000048	
58.200000	-1.498806	58.200000	-1.498894	0.000088	
58.300000	-1.452318	58.300000	-1.452701	0.000383	
58.400000	-1.401182	58.400000	-1.401972	0.000790	
58.500000	-1.345469	58.500000	-1.346706	0.001237	
58.600000	-1.285272	58.600000	-1.286902	0.001630	
58.700000	-1.220708	58.700000	-1.222562	0.001854	
58.800000	-1.151917	58.800000	-1.153684	0.001767	
58.900000	-1.079059	58.900000	-1.080270	0.001210	
59.000000	-1.002318	59.000000	-1.002318	-0.000000	
59.100000	-0.921897	59.100000	-0.925432	0.003536	
59.200000	-0.838018	59.200000	-0.845029	0.007010	
59.300000	-0.750926	59.300000	-0.761107	0.010181	
59.400000	-0.660879	59.400000	-0.673666	0.012787	
59.500000	-0.568156	59.500000	-0.582708	0.014552	
59.600000	-0.473050	59.600000	-0.488231	0.015181	
59.700000	-0.375868	59.700000	-0.390235	0.014367	
59.800000	-0.276932	59.800000	-0.288722	0.011790	
59.900000	-0.176575	59.900000	-0.183690	0.007115	
60.000000	-0.075140	60.000000	-0.075140	-0.000000	
60.100000	0.027021	60.100000	0.021247	0.005773	
60.200000	0.129548	60.200000	0.118302	0.011246	
60.300000	0.232077	60.300000	0.216024	0.016053	
60.400000	0.334239	60.400000	0.314414	0.019826	
60.500000	0.435662	60.500000	0.413470	0.022192	
60.600000	0.535975	60.600000	0.513194	0.022781	
60.700000	0.634807	60.700000	0.613585	0.021222	
60.800000	0.731789	60.800000	0.714643	0.017146	
60.900000	0.826560	60.900000	0.816369	0.010191	
61.000000	0.918761	61.000000	0.918761	-0.000000	
61.100000	1.008044	61.100000	1.002529	0.005515	
61.200000	1.094069	61.200000	1.083457	0.010612	
61.300000	1.176508	61.300000	1.161544	0.014964	
61.400000	1.255044	61.400000	1.236790	0.018254	
61.500000	1.329378	61.500000	1.309196	0.020181	
61.600000	1.399222	61.600000	1.378762	0.020460	
61.700000	1.464309	61.700000	1.445488	0.018822	
61.800000	1.524388	61.800000	1.509373	0.015016	
61.900000	1.579229	61.900000	1.570417	0.008812	
62.000000	1.628622	62.000000	1.628622	-0.000000	
62.100000	1.672377	62.100000	1.669623	0.002754	
62.200000	1.710331	62.200000	1.705173	0.005159	
62.300000	1.742342	62.300000	1.735271	0.007071	
62.400000	1.768291	62.400000	1.759917	0.008373	
62.500000	1.788086	62.500000	1.779112	0.008974	
62.600000	1.801660	62.600000	1.792855	0.008805	
62.700000	1.808971	62.700000	1.801146	0.007825	
62.800000	1.810005	62.800000	1.803986	0.006019	
62.900000	1.804772	62.900000	1.801373	0.003399	
63.000000	1.793309	63.000000	1.793309	-0.000000	
63.100000	1.775681	63.100000	1.777027	-0.001346	
63.200000	1.751975	63.200000	1.754790	-0.002815	
63.300000	1.722309	63.300000	1.726598	-0.004290	
63.400000	1.686821	63.400000	1.692452	-0.005631	
63.500000	1.645677	63.500000	1.652351	-0.006673	
63.600000	1.599066	63.600000	1.606295	-0.007228	
63.700000	1.547201	63.700000	1.554284	-0.007084	
63.800000	1.490315	63.800000	1.496319	-0.006004	
63.900000	1.428664	63.900000	1.432399	-0.003735	
64.000000	1.362524	64.000000	1.362524	0.000000	
64.100000	1.292190	64.100000	1.297171	-0.004980	
64.200000	1.217976	64.200000	1.227768	-0.009792	
64.300000	1.140209	64.300000	1.154315	-0.014106	
64.400000	1.059234	64.400000	1.076812	-0.017579	
64.500000	0.975407	64.500000	0.995260	-0.019852	
64.600000	0.889099	64.600000	0.909657	-0.020558	
64.700000	0.800688	64.700000	0.820005	-0.019317	
64.800000	0.710562	64.800000	0.726302	-0.015741	
64.900000	0.619115	64.900000	0.628550	-0.009435	
65.000000	0.526748	65.000000	0.526748	-0.000000	
65.100000	0.433862	65.100000	0.440388	-0.006526	
65.200000	0.340863	65.200000	0.353523	-0.012659	
65.300000	0.248155	65.300000	0.266152	-0.017997	
65.400000	0.156139	65.400000	0.178275	-0.022135	
65.500000	0.065214	65.500000	0.089892	-0.024678	
65.600000	-0.024228	65.600000	0.001003	-0.025232	
65.700000	-0.111802	65.700000	-0.088391	-0.023411	
65.800000	-0.197131	65.800000	-0.178291	-0.018841	
65.900000	-0.279851	65.900000	-0.268697	-0.011154	
66.000000	-0.359609	66.000000	-0.359609	0.000000	
66.100000	-0.436064	66.100000	-0.430770	-0.005294	
66.200000	-0.508894	66.200000	-0.498755	-0.010139	
66.300000	-0.577791	66.300000	-0.563562	-0.014228	
66.400000	-0.642466	66.400000	-0.625193	-0.017274	
66.500000	-0.702650	66.500000	-0.683646	-0.019004	
66.600000	-0.758094	66.600000	-0.738922	-0.019172	
66.700000	-0.808570	66.700000	-0.791022	-0.017549	
66.800000	-0.853873	66.800000	-0.839944	-0.013929	
66.900000	-0.893821	66.900000	-0.885689	-0.008132	
67.000000	-0.928257	67.000000	-0.928257	0.000000	
67.100000	-0.957047	67.100000	-0.955200	-0.001847	
67.200000	-0.980084	67.200000	-0.976703	-0.003381	
67.300000	-0.997286	67.300000	-0.992765	-0.004521	
67.400000	-1.008597	67.400000	-1.003388	-0.005209	
67.500000	-1.013986	67.500000	-1.008570	-0.005416	
67.600000	-1.013450	67.600000	-1.008311	-0.005138	
67.700000	-1.007010	67.700000	-1.002613	-0.004397	
67.800000	-0.994715	67.800000	-0.991474	-0.003241	
67.900000	-0.976637	67.900000	-0.974895	-0.001742	
68.000000	-0.952875	68.000000	-0.952875	0.000000	
68.100000	-0.923552	68.100000	-0.925814	0.002261	
68.200000	-0.888814	68.200000	-0.893384	0.004570	
68.300000	-0.848831	68.300000	-0.855586	0.006755	
68.400000	-0.803794	68.400000	-0.812421	0.008627	
68.500000	-0.753916	68.500000	-0.763887	0.009971	
68.600000	-0.699430	68.600000	-0.709985	0.010555	
68.700000	-0.640589	68.700000	-0.650716	0.010127	
68.800000	-0.577660	68.800000	-0.586079	0.008419	
68.900000	-0.510930	68.900000	-0.516073	0.005143	
69.000000	-0.440700	69.000000	-0.440700	-0.000000	
69.100000	-0.367283	69.100000	-0.372490	0.005206	
69.200000	-0.291006	69.200000	-0.301190	0.010183	
69.300000	-0.212205	69.300000	-0.226800	0.014595	
69.400000	-0.131224	69.400000	-0.149321	0.018097	
69.500000	-0.048416	69.500000	-0.068752	0.020337	
69.600000	0.035863	69.600000	0.014906	0.020956	
69.700000	0.121250	69.700000	0.101654	0.019596	
69.800000	0.207383	69.800000	0.191492	0.015891	
69.900000	0.293899	69.900000	0.284419	0.009480	
70.000000	0.380436	70.000000	0.380436	-0.000000	
70.100000	0.466635	70.100000	0.460905	0.005730	
70.200000	0.552143	70.200000	0.541075	0.011067	
70.300000	0.636611	70.300000	0.620947	0.015665	
70.400000	0.719701	70.400000	0.700519	0.019182	
70.500000	0.801083	70.500000	0.779792	0.021291	
70.600000	0.880437	70.600000	0.858766	0.021671	
70.700000	0.957458	70.700000	0.937441	0.020017	
70.800000	1.031853	70.800000	1.015818	0.016036	
70.900000	1.103345	70.900000	1.093895	0.009450	
71.000000	1.171673	71.000000	1.171673	0.000000	
71.100000	1.236594	71.100000	1.232882	0.003711	
71.200000	1.297882	71.200000	1.290834	0.007047	
71.300000	1.355332	71.300000	1.345529	0.009803	
71.400000	1.408759	71.400000	1.396967	0.011793	
71.500000	1.458000	71.500000	1.445147	0.012852	
71.600000	1.502910	71.600000	1.490070	0.012840	
71.700000	1.543371	71.700000	1.531737	0.011635	
71.800000	1.579285	71.800000	1.570145	0.009139	
71.900000	1.610575	71.900000	1.605297	0.005278	
72.000000	1.637192	72.000000	1.637192	-0.000000	
72.100000	1.659105	72.100000	1.658905	0.000200	
72.200000	1.676310	72.200000	1.676102	0.000208	
72.300000	1.688822	72.300000	1.688782	0.000040	
72.400000	1.696683	72.400000	1.696947	-0.000264	
72.500000	1.699953	72.500000	1.700595	-0.000642	
72.600000	1.698717	72.600000	1.699727	-0.001010	
72.700000	1.693078	72.700000	1.694343	-0.001265	
72.800000	1.683162	72.800000	1.684443	-0.001281	
72.900000	1.669113	72.900000	1.670027	-0.000913	
73.000000	1.651094	73.000000	1.651094	0.000000	
73.100000	1.629286	73.100000	1.632379	-0.003093	
73.200000	1.603885	73.200000	1.610008	-0.006123	
73.300000	1.575103	73.300000	1.583982	-0.008878	
73.400000	1.543168	73.400000	1.554299	-0.011131	
73.500000	1.508318	73.500000	1.520962	-0.012644	
73.600000	1.470805	73.600000	1.483969	-0.013164	
73.700000	1.430887	73.700000	1.443320	-0.012432	
73.800000	1.388836	73.800000	1.399015	-0.010179	
73.900000	1.344926	73.900000	1.351055	-0.006129	
74.000000	1.299440	74.000000	1.299440	0.000000	
74.100000	1.252662	74.100000	1.257278	-0.004616	
74.200000	1.204882	74.200000	1.213844	-0.008963	
74.300000	1.156386	74.300000	1.169139	-0.012753	
74.400000	1.107463	74.400000	1.123161	-0.015697	
74.500000	1.058399	74.500000	1.075911	-0.017512	
74.600000	1.009475	74.600000	1.027389	-0.017914	
74.700000	0.960966	74.700000	0.977595	-0.016629	
74.800000	0.913142	74.800000	0.926529	-0.013387	
74.900000	0.866263	74.900000	0.874190	-0.007928	
75.000000	0.820580	75.000000	0.820580	0.000000	
75.100000	0.776333	75.100000	0.780035	-0.003702	
75.200000	0.733749	75.200000	0.740825	-0.007076	
75.300000	0.693041	75.300000	0.702949	-0.009908	
75.400000	0.654408	75.400000	0.666408	-0.012000	
75.500000	0.618033	75.500000	0.631202	-0.013169	
75.600000	0.584081	75.600000	0.597330	-0.013250	
75.700000	0.552701	75.700000	0.564794	-0.012093	
75.800000	0.524022	75.800000	0.533591	-0.009569	
75.900000	0.498156	75.900000	0.503724	-0.005568	
76.000000	0.475191	76.000000	0.475191	0.000000	
76.100000	0.455200	76.100000	0.456081	-0.000881	
76.200000	0.438231	76.200000	0.439776	-0.001545	
76.300000	0.424313	76.300000	0.426276	-0.001962	
76.400000	0.413454	76.400000	0.415581	-0.002127	
76.500000	0.405640	76.500000	0.407691	-0.002051	
76.600000	0.400838	76.600000	0.402606	-0.001769	
76.700000	0.398990	76.700000	0.400327	-0.001337	
76.800000	0.400022	76.800000	0.400853	-0.000831	
76.900000	0.403837	76.900000	0.404184	-0.000347	
77.000000	0.410320	77.000000	0.410320	-0.000000	
77.100000	0.419336	77.100000	0.416947	0.002388	
77.200000	0.430731	77.200000	0.425959	0.004772	
77.300000	0.444335	77.300000	0.437356	0.006980	
77.400000	0.459962	77.400000	0.451136	0.008826	
77.500000	0.477408	77.500000	0.467302	0.010107	
77.600000	0.496457	77.600000	0.485851	0.010605	
77.700000	0.516877	77.700000	0.506786	0.010092	
77.800000	0.538428	77.800000	0.530104	0.008323	
77.900000	0.560854	77.900000	0.555807	0.005047	
78.000000	0.583895	78.000000	0.583895	0.000000	
78.100000	0.607279	78.100000	0.602855	0.004424	
78.200000	0.630730	78.200000	0.622107	0.008623	
78.300000	0.653966	78.300000	0.641651	0.012316	
78.400000	0.676702	78.400000	0.661485	0.015217	
78.500000	0.698651	78.500000	0.681612	0.017039	
78.600000	0.719525	78.600000	0.702029	0.017496	
78.700000	0.739039	78.700000	0.722738	0.016300	
78.800000	0.756910	78.800000	0.743739	0.013171	
78.900000	0.772859	78.900000	0.765031	0.007828	
79.000000	0.786614	79.000000	0.786614	0.000000	
79.100000	0.797911	79.100000	0.793775	0.004136	
79.200000	0.806495	79.200000	0.798553	0.007942	
79.300000	0.812119	79.300000	0.800946	0.011173	
79.400000	0.814553	79.400000	0.800956	0.013596	
79.500000	0.813576	79.500000	0.798582	0.014993	
79.600000	0.808984	79.600000	0.793825	0.015159	
79.700000	0.800588	79.700000	0.786683	0.013904	
79.800000	0.788217	79.800000	0.777158	0.011059	
79.900000	0.771718	79.900000	0.765249	0.006469	
80.000000	0.750957	80.000000	0.750957	-0.000000	
80.100000	0.725819	80.100000	0.724259	0.001560	
80.200000	0.696213	80.200000	0.693356	0.002858	
80.300000	0.662068	80.300000	0.658247	0.003821	
80.400000	0.623333	80.400000	0.618932	0.004401	
80.500000	0.579983	80.500000	0.575412	0.004571	
80.600000	0.532015	80.600000	0.527685	0.004330	
80.700000	0.479449	80.700000	0.475753	0.003696	
80.800000	0.422330	80.800000	0.419615	0.002714	
80.900000	0.360724	80.900000	0.359272	0.001452	
81.000000	0.294723	81.000000	0.294723	0.000000	
81.100000	0.224440	81.100000	0.226582	-0.002141	
81.200000	0.150015	81.200000	0.154347	-0.004332	
81.300000	0.071606	81.300000	0.078019	-0.006413	
81.400000	-0.010605	81.400000	-0.002404	-0.008201	
81.500000	-0.096413	81.500000	-0.086921	-0.009493	
81.600000	-0.185596	81.600000	-0.175531	-0.010065	
81.700000	-0.277909	81.700000	-0.268236	-0.009673	
81.800000	-0.373089	81.800000	-0.365035	-0.008054	
81.900000	-0.470857	81.900000	-0.465928	-0.004929	
82.000000	-0.570915	82.000000	-0.570915	-0.000000	
82.100000	-0.672950	82.100000	-0.667730	-0.005220	
82.200000	-0.776637	82.200000	-0.766410	-0.010227	
82.300000	-0.881636	82.300000	-0.866953	-0.014683	
82.400000	-0.987598	82.400000	-0.969360	-0.018237	
82.500000	-1.094162	82.500000	-1.073632	-0.020530	
82.600000	-1.200960	82.600000	-1.179767	-0.021193	
82.700000	-1.307618	82.700000	-1.287766	-0.019852	
82.800000	-1.413757	82.800000	-1.397629	-0.016128	
82.900000	-1.518995	82.900000	-1.509357	-0.009638	
83.000000	-1.622948	83.000000	-1.622948	0.000000	
83.100000	-1.725232	83.100000	-1.719070	-0.006162	
83.200000	-1.825467	83.200000	-1.813542	-0.011925	
83.300000	-1.923275	83.300000	-1.906363	-0.016913	
83.400000	-2.018285	83.400000	-1.997533	-0.020753	
83.500000	-2.110132	83.500000	-2.087051	-0.023080	
83.600000	-2.198460	83.600000	-2.174919	-0.023541	
83.700000	-2.282924	83.700000	-2.261135	-0.021789	
83.800000	-2.363192	83.800000	-2.345701	-0.017491	
83.900000	-2.438945	83.900000	-2.428616	-0.010330	
84.000000	-2.509879	84.000000	-2.509879	0.000000	
84.100000	-2.575707	84.100000	-2.571296	-0.004411	
84.200000	-2.636160	84.200000	-2.627754	-0.008406	
84.300000	-2.690988	84.300000	-2.679253	-0.011735	
84.400000	-2.739962	84.400000	-2.725792	-0.014170	
84.500000	-2.782875	84.500000	-2.767372	-0.015502	
84.600000	-2.819541	84.600000	-2.803993	-0.015548	
84.700000	-2.849800	84.700000	-2.835655	-0.014145	
84.800000	-2.873513	84.800000	-2.862357	-0.011156	
84.900000	-2.890570	84.900000	-2.884100	-0.006470	
85.000000	-2.900884	85.000000	-2.900884	-0.000000	
85.100000	-2.904394	85.100000	-2.903746	-0.000648	
85.200000	-2.901067	85.200000	-2.900020	-0.001047	
85.300000	-2.890895	85.300000	-2.889705	-0.001190	
85.400000	-2.873898	85.400000	-2.872801	-0.001097	
85.500000	-2.850121	85.500000	-2.849308	-0.000813	
85.600000	-2.819639	85.600000	-2.819227	-0.000412	
85.700000	-2.782549	85.700000	-2.782556	0.000008	
85.800000	-2.738977	85.800000	-2.739298	0.000321	
85.900000	-2.689073	85.900000	-2.689450	0.000377	
86.000000	-2.633013	86.000000	-2.633013	0.000000	
86.100000	-2.570997	86.100000	-2.574503	0.003507	
86.200000	-2.503245	86.200000	-2.510225	0.006980	
86.300000	-2.430005	86.300000	-2.440180	0.010174	
86.400000	-2.351542	86.400000	-2.364366	0.012824	
86.500000	-2.268142	86.500000	-2.282785	0.014643	
86.600000	-2.180111	86.600000	-2.195435	0.015325	
86.700000	-2.087771	86.700000	-2.102318	0.014548	
86.800000	-1.991461	86.800000	-2.003434	0.011973	
86.900000	-1.891535	86.900000	-1.898781	0.007246	
87.000000	-1.788361	87.000000	-1.788361	0.000000	
87.100000	-1.682315	87.100000	-1.688547	0.006232	
87.200000	-1.573786	87.200000	-1.585943	0.012157	
87.300000	-1.463171	87.300000	-1.480549	0.017378	
87.400000	-1.350872	87.400000	-1.372363	0.021491	
87.500000	-1.237298	87.500000	-1.261388	0.024090	
87.600000	-1.122857	87.600000	-1.147621	0.024764	
87.700000	-1.007963	87.700000	-1.031065	0.023102	
87.800000	-0.893025	87.800000	-0.911717	0.018692	
87.900000	-0.778453	87.900000	-0.789579	0.011126	
88.000000	-0.664651	88.000000	-0.664651	-0.000000	
88.100000	-0.552016	88.100000	-0.558359	0.006344	
88.200000	-0.440939	88.200000	-0.453174	0.012234	
88.300000	-0.331803	88.300000	-0.349093	0.017291	
88.400000	-0.224976	88.400000	-0.246118	0.021143	
88.500000	-0.120816	88.500000	-0.144249	0.023433	
88.600000	-0.019668	88.600000	-0.043485	0.023817	
88.700000	0.078141	88.700000	0.056174	0.021968	
88.800000	0.172301	88.800000	0.154727	0.017574	
88.900000	0.262517	88.900000	0.252175	0.010342	
89.000000	0.348517	89.000000	0.348517	0.000000	
89.100000	0.430048	89.100000	0.426215	0.003833	
89.200000	0.506877	89.200000	0.499619	0.007259	
89.300000	0.578798	89.300000	0.568728	0.010070	
89.400000	0.645623	89.400000	0.633543	0.012080	
89.500000	0.707191	89.500000	0.694064	0.013127	
89.600000	0.763365	89.600000	0.750290	0.013074	
89.700000	0.814032	89.700000	0.802222	0.011809	
89.800000	0.859106	89.800000	0.849860	0.009245	
89.900000	0.898524	89.900000	0.893204	0.005321	
90.000000	0.932253	90.000000	0.932253	0.000000	
90.100000	0.960281	90.100000	0.960413	0.000000	
90.200000	0.982623	90.200000	0.983080	0.000000	
90.300000	0.999321	90.300000	1.000254	0.000000	
90.400000	1.010441	90.400000	1.011934	0.000000	
90.500000	1.016071	90.500000	1.018121	0.000000	
90.600000	1.016325	90.600000	1.018814	0.000000	
90.700000	1.011342	90.700000	1.014015	0.000000	
90.800000	1.001278	90.800000	1.003722	0.000000	
90.900000	0.986316	90.900000	0.987935	0.000000	
91.000000	0.966655	91.000000	0.966655	0.000000	
91.100000	0.942516	91.100000	0.946270	0.000000	
91.200000	0.914136	91.200000	0.921553	0.000000	
91.300000	0.881771	91.300000	0.892504	0.000000	
91.400000	0.845689	91.400000	0.859123	0.000000	
91.500000	0.806176	91.500000	0.821409	0.000000	
91.600000	0.763528	91.600000	0.779365	0.000000	
91.700000	0.718052	91.700000	0.732988	0.000000	
91.800000	0.670065	91.800000	0.682279	0.000000	
91.900000	0.619893	91.900000	0.627238	0.000000	
92.000000	0.567866	92.000000	0.567866	0.000000	
92.100000	0.514319	92.100000	0.519756	0.000000	
92.200000	0.459591	92.200000	0.470150	0.000000	
92.300000	0.404020	92.300000	0.419048	0.000000	
92.400000	0.347947	92.400000	0.366450	0.000000	
92.500000	0.291707	92.500000	0.312354	0.000000	
92.600000	0.235633	92.600000	0.256763	0.000000	
92.700000	0.180053	92.700000	0.199675	0.000000	
92.800000	0.125287	92.800000	0.141091	0.000000	
92.900000	0.071646	92.900000	0.081010	0.000000	
93.000000	0.019432	93.000000	0.019432	0.000000	
93.100000	-0.031064	93.100000	-0.026541	0.000000	
93.200000	-0.079567	93.200000	-0.070902	0.000000	
93.300000	-0.125812	93.300000	-0.113650	0.000000	
93.400000	-0.169552	93.400000	-0.154785	0.000000	
93.500000	-0.210556	93.500000	-0.194308	0.000000	
93.600000	-0.248611	93.600000	-0.232218	0.000000	
93.700000	-0.283521	93.700000	-0.268515	0.000000	
93.800000	-0.315111	93.800000	-0.303199	0.000000	
93.900000	-0.343226	93.900000	-0.336271	0.000000	
94.000000	-0.367730	94.000000	-0.367730	0.000000	
94.100000	-0.388511	94.100000	-0.386938	0.000000	
94.200000	-0.405477	94.200000	-0.402598	0.000000	
94.300000	-0.418558	94.300000	-0.414712	0.000000	
94.400000	-0.427706	94.400000	-0.423278	0.000000	
94.500000	-0.432899	94.500000	-0.428297	0.000000	
94.600000	-0.434131	94.600000	-0.429769	0.000000	
94.700000	-0.431424	94.700000	-0.427694	0.000000	
94.800000	-0.424819	94.800000	-0.422072	0.000000	
94.900000	-0.414378	94.900000	-0.412903	0.000000	
95.000000	-0.400187	95.000000	-0.400187	0.000000	
95.100000	-0.382350	95.100000	-0.384265	0.000000	
95.200000	-0.360992	95.200000	-0.364858	0.000000	
95.300000	-0.336255	95.300000	-0.341966	0.000000	
95.400000	-0.308303	95.400000	-0.315588	0.000000	
95.500000	-0.277313	95.500000	-0.285726	0.000000	
95.600000	-0.243482	95.600000	-0.252379	0.000000	
95.700000	-0.207019	95.700000	-0.215546	0.000000	
95.800000	-0.168148	95.800000	-0.175229	0.000000	
95.900000	-0.127105	95.900000	-0.131426	0.000000	
96.000000	-0.084138	96.000000	-0.084138	0.000000	
96.100000	-0.039505	96.100000	-0.043736	0.000000	
96.200000	0.006530	96.200000	-0.001735	0.000000	
96.300000	0.053695	96.300000	0.041867	0.000000	
96.400000	0.101710	96.400000	0.087067	0.000000	
96.500000	0.150296	96.500000	0.133867	0.000000	
96.600000	0.199168	96.600000	0.182267	0.000000	
96.700000	0.248042	96.700000	0.232266	0.000000	
96.800000	0.296635	96.800000	0.283865	0.000000	
96.900000	0.344667	96.900000	0.337063	0.000000	
97.000000	0.391861	97.000000	0.391861	0.000000	
97.100000	0.437945	97.100000	0.433675	0.000000	
97.200000	0.482656	97.200000	0.474439	0.000000	
97.300000	0.525738	97.300000	0.514150	0.000000	
97.400000	0.566947	97.400000	0.552809	0.000000	
97.500000	0.606047	97.500000	0.590417	0.000000	
97.600000	0.642817	97.600000	0.626973	0.000000	
97.700000	0.677050	97.700000	0.662476	0.000000	
97.800000	0.708553	97.800000	0.696929	0.000000	
97.900000	0.737148	97.900000	0.730329	0.000000	
98.000000	0.762677	98.000000	0.762677	0.000000	
98.100000	0.784998	98.100000	0.782950	0.000000	
98.200000	0.803987	98.200000	0.800167	0.000000	
98.300000	0.819542	98.300000	0.814327	0.000000	
98.400000	0.831579	98.400000	0.825432	0.000000	
98.500000	0.840034	98.500000	0.833480	0.000000	
98.600000	0.844867	98.600000	0.838472	0.000000	
98.700000	0.846056	98.700000	0.840408	0.000000	
98.800000	0.843603	98.800000	0.839288	0.000000	
98.900000	0.837529	98.900000	0.835112	0.000000	
99.000000	0.827879	99.000000	0.827879	0.000000	
99.100000	0.814717	99.100000	0.817591	0.000000	
99.200000	0.798129	99.200000	0.804246	0.000000	
99.300000	0.778222	99.300000	0.787845	0.000000	
99.400000	0.755123	99.400000	0.768388	0.000000	
99.500000	0.728977	99.500000	0.745874	0.000000	
99.600000	0.699949	99.600000	0.720305	0.000000	
99.700000	0.668222	99.700000	0.691680	0.000000	
99.800000	0.633996	99.800000	0.659998	0.000000	
99.900000	0.597487	99.900000	0.625260	0.000000	
