0.000000	0.000000	0.000000	0.000000	
0.020276	0.000000	0.000000	0.020276	
0.040963	0.000000	0.000000	0.040963	
0.062069	0.000000	0.000000	0.062069	
0.083603	0.000000	0.000000	0.083603	
0.105574	0.000000	0.000000	0.105574	
0.127990	0.000000	0.000000	0.127990	
0.150861	0.000000	0.000000	0.150861	
0.174196	0.000000	0.000000	0.174196	
0.198003	0.000000	0.000000	0.198003	
0.222294	0.000000	0.000000	0.222294	
0.247077	0.000000	0.000000	0.247077	
0.272362	0.000000	0.000000	0.272362	
0.298160	0.000000	0.000000	0.298160	
0.324481	0.000000	0.000000	0.324481	
0.351336	0.000000	0.000000	0.351336	
0.378736	0.000000	0.000000	0.378736	
0.406691	0.000000	0.000000	0.406691	
0.435212	0.000000	0.000000	0.435212	
0.464312	0.000000	0.000000	0.464312	
0.494002	0.000000	0.000000	0.494002	
0.524294	0.000000	0.000000	0.524294	
0.555201	0.000000	0.000000	0.555201	
0.586733	0.000000	0.000000	0.586733	
0.618906	0.000000	0.000000	0.618906	
0.651730	0.000000	0.000000	0.651730	
0.685220	0.000000	0.000000	0.685220	
0.719389	0.000000	0.000000	0.719389	
0.754251	0.000000	0.000000	0.754251	
0.789820	0.000000	0.000000	0.789820	
0.826110	0.000000	0.000000	0.826110	
0.863136	0.000000	0.000000	0.863136	
0.900912	0.000000	0.000000	0.900912	
0.939455	0.000000	0.000000	0.939455	
0.978778	0.000000	0.000000	0.978778	
1.018900	0.000000	0.000000	1.018900	
1.059834	0.000000	0.000000	1.059834	
1.101599	0.000000	0.000000	1.101599	
1.144210	0.000000	0.000000	1.144210	
1.187686	0.000000	0.000000	1.187686	
1.232043	0.000000	0.000000	1.232043	
1.277299	0.000000	0.000000	1.277299	
1.323473	0.000000	0.000000	1.323473	
1.370583	0.000000	0.000000	1.370583	
1.418649	0.000000	0.000000	1.418649	
1.467689	0.000000	0.000000	1.467689	
1.517723	0.000000	0.000000	1.517723	
1.568772	0.000000	0.000000	1.568772	
1.620855	0.000000	0.000000	1.620855	
1.673995	0.000000	0.000000	1.673995	
1.728212	0.000000	0.000000	1.728212	
1.783529	0.000000	0.000000	1.783529	
1.839967	0.000000	0.000000	1.839967	
1.897550	0.000000	0.000000	1.897550	
1.956300	0.000000	0.000000	1.956300	
2.016241	0.000000	0.000000	2.016241	
2.077397	0.000000	0.000000	2.077397	
2.139794	0.000000	0.000000	2.139794	
2.203455	0.000000	0.000000	2.203455	
2.268408	0.000000	0.000000	2.268408	
2.334677	0.000000	0.000000	2.334677	
2.402290	0.000000	0.000000	2.402290	
2.471274	0.000000	0.000000	2.471274	
2.541657	0.000000	0.000000	2.541657	
2.613467	0.000000	0.000000	2.613467	
2.686733	0.000000	0.000000	2.686733	
2.761484	0.000000	0.000000	2.761484	
2.837751	0.000000	0.000000	2.837751	
2.915564	0.000000	0.000000	2.915564	
2.994955	0.000000	0.000000	2.994955	
3.075956	0.000000	0.000000	3.075956	
3.158599	0.000000	0.000000	3.158599	
3.242917	0.000000	0.000000	3.242917	
3.328946	0.000000	0.000000	3.328946	
3.416718	0.000000	0.000000	3.416718	
3.506271	0.000000	0.000000	3.506271	
3.597639	0.000000	0.000000	3.597639	
3.690859	0.000000	0.000000	3.690859	
3.785970	0.000000	0.000000	3.785970	
3.883009	0.000000	0.000000	3.883009	
3.982016	0.000000	0.000000	3.982016	
4.083030	0.000000	0.000000	4.083030	
4.186092	0.000000	0.000000	4.186092	
4.291244	0.000000	0.000000	4.291244	
4.398528	0.000000	0.000000	4.398528	
4.507987	0.000000	0.000000	4.507987	
4.619666	0.000000	0.000000	4.619666	
4.733608	0.000000	0.000000	4.733608	
4.849862	0.000000	0.000000	4.849862	
4.968472	0.000000	0.000000	4.968472	
5.089487	0.000000	0.000000	5.089487	
5.212956	0.000000	0.000000	5.212956	
5.338928	0.000000	0.000000	5.338928	
5.467455	0.000000	0.000000	5.467455	
5.598587	0.000000	0.000000	5.598587	
5.732379	0.000000	0.000000	5.732379	
5.868883	0.000000	0.000000	5.868883	
6.008154	0.000000	0.000000	6.008154	
6.150250	0.000000	0.000000	6.150250	
6.295227	0.000000	0.000000	6.295227	
6.443143	0.000000	0.000000	6.443143	
6.594058	0.000000	0.000000	6.594058	
6.748033	0.000000	0.000000	6.748033	
6.905131	0.000000	0.000000	6.905131	
7.065413	0.000000	0.000000	7.065413	
7.228945	0.000000	0.000000	7.228945	
7.395793	0.000000	0.000000	7.395793	
7.566024	0.000000	0.000000	7.566024	
7.739707	0.000000	0.000000	7.739707	
7.916911	0.000000	0.000000	7.916911	
8.097708	0.000000	0.000000	8.097708	
8.282171	0.000000	0.000000	8.282171	
8.470374	0.000000	0.000000	8.470374	
8.662393	0.000000	0.000000	8.662393	
8.858305	0.000000	0.000000	8.858305	
9.058189	0.000000	0.000000	9.058189	
9.262127	0.000000	0.000000	9.262127	
9.470199	0.000000	0.000000	9.470199	
9.682490	0.000000	0.000000	9.682490	
9.899086	0.000000	0.000000	9.899086	
10.120073	0.000000	0.000000	10.120073	
10.345541	0.000000	0.000000	10.345541	
10.575580	0.000000	0.000000	10.575580	
10.810283	0.000000	0.000000	10.810283	
11.049746	0.000000	0.000000	11.049746	
11.294063	0.000000	0.000000	11.294063	
11.543335	0.000000	0.000000	11.543335	
11.797660	0.000000	0.000000	11.797660	
12.057142	0.000000	0.000000	12.057142	
12.321886	0.000000	0.000000	12.321886	
12.591997	0.000000	0.000000	12.591997	
12.867585	0.000000	0.000000	12.867585	
13.148760	0.000000	0.000000	13.148760	
13.435637	0.000000	0.000000	13.435637	
13.728330	0.000000	0.000000	13.728330	
14.026958	0.000000	0.000000	14.026958	
14.331641	0.000000	0.000000	14.331641	
14.642502	0.000000	0.000000	14.642502	
14.959665	0.000000	0.000000	14.959665	
15.283259	0.000000	0.000000	15.283259	
15.613415	0.000000	0.000000	15.613415	
15.950264	0.000000	0.000000	15.950264	
16.293943	0.000000	0.000000	16.293943	
16.644591	0.000000	0.000000	16.644591	
17.002348	0.000000	0.000000	17.002348	
17.367359	0.000000	0.000000	17.367359	
17.739771	0.000000	0.000000	17.739771	
18.119734	0.000000	0.000000	18.119734	
18.507401	0.000000	0.000000	18.507401	
18.902928	0.000000	0.000000	18.902928	
0.000000	0.013016	0.130160	84.429508	
0.020276	0.036486	0.182634	0.007260	
0.040963	0.064265	0.183911	0.004477	
0.062069	0.091503	0.161269	-0.002196	
0.083603	0.115835	0.134361	-0.007900	
0.105574	0.136989	0.114216	-0.010261	
0.127990	0.155953	0.105029	-0.008999	
0.150861	0.174195	0.106554	-0.005092	
0.174196	0.193111	0.116203	0.000001	
0.198003	0.213737	0.130585	0.004892	
0.222294	0.236634	0.146471	0.008557	
0.247077	0.261924	0.161317	0.010443	
0.272362	0.289385	0.173449	0.010438	
0.298160	0.318574	0.182043	0.008775	
0.324481	0.348949	0.186994	0.005907	
0.351336	0.379971	0.188718	0.002387	
0.378736	0.411176	0.187964	-0.001235	
0.406691	0.442221	0.185632	-0.004485	
0.435212	0.472903	0.182636	-0.007009	
0.464312	0.503155	0.179795	-0.008590	
0.494002	0.533033	0.177768	-0.009153	
0.524294	0.562686	0.177025	-0.008738	
0.555201	0.592331	0.177836	-0.007486	
0.586733	0.622218	0.180290	-0.005598	
0.618906	0.652605	0.184317	-0.003313	
0.651730	0.683732	0.189730	-0.000875	
0.685220	0.715809	0.196256	0.001488	
0.719389	0.748997	0.203579	0.003580	
0.754251	0.783410	0.211372	0.005254	
0.789820	0.819107	0.219320	0.006410	
0.826110	0.856101	0.227150	0.007003	
0.863136	0.894362	0.234638	0.007035	
0.900912	0.933829	0.241620	0.006550	
0.939455	0.974415	0.247996	0.005626	
0.978778	1.016022	0.253728	0.004363	
1.018900	1.058548	0.258832	0.002877	
1.059834	1.101896	0.263369	0.001286	
1.101599	1.145979	0.267440	-0.000297	
1.144210	1.190729	0.271167	-0.001768	
1.187686	1.236098	0.274690	-0.003043	
1.232043	1.282060	0.278152	-0.004055	
1.277299	1.328615	0.281691	-0.004761	
1.323473	1.375780	0.285433	-0.005142	
1.370583	1.423594	0.289486	-0.005196	
1.418649	1.472114	0.293937	-0.004946	
1.467689	1.521406	0.298847	-0.004425	
1.517723	1.571549	0.304254	-0.003684	
1.568772	1.622623	0.310171	-0.002777	
1.620855	1.674712	0.316591	-0.001768	
1.673995	1.727896	0.323486	-0.000716	
1.728212	1.782251	0.330813	0.000317	
1.783529	1.837845	0.338519	0.001278	
1.839967	1.894736	0.346541	0.002122	
1.897550	1.952975	0.354815	0.002813	
1.956300	2.012597	0.363276	0.003325	
2.016241	2.073633	0.371863	0.003643	
2.077397	2.136099	0.380520	0.003764	
2.139794	2.200006	0.389202	0.003695	
2.203455	2.265356	0.397870	0.003450	
2.268408	2.332145	0.406500	0.003052	
2.334677	2.400369	0.415074	0.002532	
2.402290	2.470017	0.423589	0.001922	
2.471274	2.541081	0.432048	0.001257	
2.541657	2.613553	0.440462	0.000576	
2.613467	2.687426	0.448849	-0.000086	
2.686733	2.762699	0.457230	-0.000694	
2.761484	2.839370	0.465625	-0.001215	
2.837751	2.917444	0.474052	-0.001620	
2.915564	2.996926	0.482522	-0.001880	
2.994955	3.077822	0.491035	-0.001971	
3.075956	3.293664	1.834830	-0.001867	
3.158599	3.519975	1.399752	-0.135065	
3.242917	3.847629	2.371287	-0.277058	
3.328946	4.018359	0.396686	-0.518683	
3.416718	3.978632	-1.080184	-0.601640	
3.506271	3.569493	-3.932493	-0.472362	
3.597639	3.108950	-2.968867	0.028146	
3.690859	2.915553	-0.091799	0.581909	
3.785970	3.181500	3.433061	0.870417	
3.883009	3.769235	4.813562	0.701509	
3.982016	4.414759	4.104298	0.212780	
4.083030	4.680360	0.073913	-0.331729	
4.186092	5.013849	2.272484	-0.494268	
4.291244	5.464257	3.170129	-0.722605	
4.398528	5.936132	2.917113	-1.065729	
4.507987	6.314301	1.894194	-1.428145	
4.619666	6.514717	0.491483	-1.694636	
4.733608	6.648887	0.540040	-1.781109	
4.849862	6.901100	1.985449	-1.799026	
4.968472	7.191080	1.890945	-1.932628	
5.089487	7.419990	1.129181	-2.101593	
5.212956	7.504067	-0.074876	-2.207034	
5.338928	7.385343	-1.523541	-2.165138	
5.467455	7.156561	-1.812926	-1.917888	
5.598587	7.265512	2.004639	-1.557974	
5.732379	7.699550	3.904579	-1.533133	
5.868883	8.270161	3.969955	-1.830668	
6.008154	8.692182	1.937769	-2.262007	
6.150250	8.634959	-2.260314	-2.541932	
6.295227	7.918446	-6.936243	-2.339733	
6.443143	6.883278	-7.485629	-1.475303	
6.594058	5.608000	-8.612107	-0.289220	
6.748033	3.914471	-11.834179	1.140034	
6.905131	1.601783	-16.352762	2.990660	
7.065413	-1.535055	-22.117627	5.463630	
7.228945	-5.697010	-29.072194	8.764000	
7.395793	-11.077584	-37.157930	13.092803	
7.566024	-17.116668	-38.868538	18.643609	
7.739707	-23.087361	-35.550599	24.856375	
7.916911	-28.717089	-32.414504	31.004272	
8.097708	-33.914650	-29.456701	36.814797	
8.282171	-38.661033	-26.673577	42.196821	
8.470374	-42.965731	-24.061456	47.131406	
8.662393	-46.849271	-21.616601	51.628124	
8.858305	-50.336208	-19.335211	55.707576	
9.058189	-53.452324	-17.213419	59.394397	
9.262127	-56.223500	-15.247292	62.714451	
9.470199	-58.675253	-13.432828	65.693699	
9.682490	-60.832550	-11.765956	68.357743	
9.899086	-62.719722	-10.242536	70.731636	
10.120073	-64.360427	-8.858353	72.839795	
10.345541	-65.777620	-7.609120	74.705967	
10.575580	-66.993545	-6.490474	76.353200	
10.810283	-68.029713	-5.497976	77.803829	
11.049746	-68.906890	-4.627108	79.079458	
11.294063	-69.645089	-3.873273	80.200954	
11.543335	-70.264632	-3.242639	81.188424	
11.797660	-70.788995	-2.765458	82.062292	
12.057142	-71.243261	-2.445208	82.846138	
12.321886	-71.652381	-2.274134	83.565147	
12.591997	-72.040016	-2.239870	84.244378	
12.867585	-72.427895	-2.328251	84.907601	
13.148760	-72.835497	-2.524509	85.576655	
13.435637	-73.279916	-2.813777	86.271134	
13.728330	-73.775815	-3.181312	87.008247	
14.026958	-74.335432	-3.612581	87.802773	
14.331641	-74.968610	-4.093307	88.667074	
14.642502	-75.647561	-4.256794	89.611112	
14.959665	-76.298735	-3.795946	90.607226	
15.283259	-76.921714	-3.625085	91.581995	
15.613415	-77.548948	-3.780434	92.535128	
15.950264	-78.223699	-4.238567	93.499212	
16.293943	-78.988833	-4.952332	94.517642	
16.644591	-79.881519	-5.866331	95.633423	
17.002348	-80.930950	-6.923564	96.883867	
17.367359	-82.157549	-8.068262	98.298309	
17.739771	-83.572895	-9.247067	99.897320	
18.119734	-85.187278	-10.482453	101.692629	
18.507401	-87.008071	-11.750395	103.694679	
18.902928	-87.736389	0.000000	105.910999	
0.000000	0.017533	0.175331	-17.918003	
0.020276	0.042901	0.183550	0.002743	
0.040963	0.066622	0.135730	-0.001939	
0.062069	0.086170	0.100603	-0.004553	
0.083603	0.103795	0.098059	-0.002567	
0.105574	0.122767	0.119217	0.001779	
0.127990	0.145031	0.146748	0.005223	
0.150861	0.170640	0.167038	0.005830	
0.174196	0.198316	0.174326	0.003556	
0.198003	0.226364	0.169775	-0.000313	
0.222294	0.253431	0.158479	-0.004070	
0.247077	0.278899	0.146404	-0.006355	
0.272362	0.302911	0.138259	-0.006536	
0.298160	0.326169	0.136525	-0.004751	
0.324481	0.349615	0.141426	-0.001687	
0.351336	0.374143	0.151497	0.001722	
0.378736	0.400391	0.164374	0.004593	
0.406691	0.428647	0.177559	0.006299	
0.435212	0.458847	0.188985	0.006566	
0.464312	0.490662	0.197345	0.005465	
0.494002	0.523605	0.202171	0.003340	
0.524294	0.557157	0.203743	0.000689	
0.555201	0.590865	0.202881	-0.001956	
0.586733	0.624418	0.200693	-0.004132	
0.618906	0.657673	0.198338	-0.005512	
0.651730	0.690658	0.196831	-0.005943	
0.685220	0.723543	0.196911	-0.005438	
0.719389	0.756596	0.198987	-0.004154	
0.754251	0.790130	0.203135	-0.002345	
0.789820	0.824459	0.209146	-0.000311	
0.826110	0.859851	0.216602	0.001651	
0.863136	0.896504	0.224970	0.003285	
0.900912	0.934534	0.233684	0.004408	
0.939455	0.973968	0.242224	0.004920	
0.978778	1.014759	0.250169	0.004810	
1.018900	1.056799	0.257238	0.004141	
1.059834	1.099944	0.263293	0.003035	
1.101599	1.144037	0.268341	0.001655	
1.144210	1.188925	0.272509	0.000174	
1.187686	1.234481	0.276012	-0.001239	
1.232043	1.280615	0.279122	-0.002438	
1.277299	1.327282	0.282131	-0.003316	
1.323473	1.374481	0.285316	-0.003809	
1.370583	1.422252	0.288920	-0.003897	
1.418649	1.470673	0.293126	-0.003603	
1.467689	1.519847	0.298052	-0.002985	
1.517723	1.569891	0.303749	-0.002124	
1.568772	1.620929	0.310200	-0.001120	
1.620855	1.673078	0.317338	-0.000074	
1.673995	1.726443	0.325051	0.000917	
1.728212	1.781109	0.333200	0.001770	
1.783529	1.837139	0.341637	0.002420	
1.839967	1.894572	0.350216	0.002829	
1.897550	1.953426	0.358804	0.002977	
1.956300	2.013697	0.367296	0.002873	
2.016241	2.075367	0.375614	0.002544	
2.077397	2.138407	0.383716	0.002030	
2.139794	2.202782	0.391591	0.001387	
2.203455	2.268457	0.399260	0.000674	
2.268408	2.335405	0.406770	-0.000050	
2.334677	2.403603	0.414187	-0.000728	
2.402290	2.473041	0.421592	-0.001312	
2.471274	2.543723	0.429071	-0.001766	
2.541657	2.615667	0.436707	-0.002066	
2.613467	2.688903	0.444582	-0.002200	
2.686733	2.763473	0.452761	-0.002170	
2.761484	2.839431	0.461298	-0.001989	
2.837751	2.916837	0.470231	-0.001680	
2.915564	2.995757	0.479578	-0.001273	
2.994955	3.076260	0.489343	-0.000803	
3.075956	3.208856	1.003953	-0.000304	
3.158599	3.279821	0.179260	-0.050258	
3.242917	3.358480	0.502738	-0.036903	
3.328946	3.331670	-0.582741	-0.029535	
3.416718	3.306168	-0.147775	0.085048	
3.506271	3.308678	0.127099	0.200102	
3.597639	3.551522	2.418411	0.288961	
3.690859	3.995588	3.469279	0.139337	
3.785970	4.435009	2.617949	-0.209618	
3.883009	4.598319	-0.124593	-0.552000	
3.982016	4.417827	-2.458152	-0.616303	
4.083030	3.966771	-3.788591	-0.334797	
4.186092	3.804389	0.180394	0.219321	
4.291244	3.898426	1.589910	0.486855	
4.398528	4.095563	1.595218	0.500101	
4.507987	4.306733	1.323153	0.412424	
4.619666	4.520963	1.297614	0.312932	
4.733608	4.817613	2.109581	0.212646	
4.849862	5.204494	2.682212	0.032249	
4.968472	5.505148	1.459019	-0.236022	
5.089487	5.652307	0.268968	-0.415661	
5.212956	5.676266	-0.349045	-0.439351	
5.338928	5.650545	-0.353042	-0.337337	
5.467455	5.691534	0.512769	-0.183090	
5.598587	5.950051	2.421216	-0.092946	
5.732379	6.171506	1.180483	-0.217672	
5.868883	6.180486	-0.796023	-0.302623	
6.008154	5.972160	-2.119175	-0.172331	
6.150250	5.671231	-2.175989	0.178090	
6.295227	5.508963	-0.418962	0.623996	
6.443143	5.798368	3.543124	0.934180	
6.594058	6.382826	4.686956	0.795690	
6.748033	6.958268	3.416586	0.365207	
6.905131	7.376234	1.877901	-0.053137	
7.065413	7.620588	0.771671	-0.310821	
7.228945	7.746525	0.281951	-0.391643	
7.395793	7.826784	0.298842	-0.350731	
7.566024	8.045677	1.867901	-0.260759	
7.739707	8.399583	2.663487	-0.305970	
7.916911	8.675945	1.347997	-0.482672	
8.097708	8.742612	-0.438783	-0.578237	
8.282171	8.607997	-1.612820	-0.460441	
8.470374	8.376858	-1.772929	-0.137623	
8.662393	8.182578	-1.018240	0.285535	
8.858305	8.264711	1.598448	0.675727	
9.058189	8.699784	4.022198	0.793479	
9.262127	9.251633	3.778203	0.562343	
9.470199	9.709454	2.370810	0.218566	
9.682490	9.989607	0.970247	-0.026964	
9.899086	10.119731	0.180625	-0.090522	
10.120073	10.185047	0.132664	0.000342	
10.345541	10.494248	2.830749	0.160494	
10.575580	11.017522	3.995935	0.081332	
10.810283	11.538490	3.116579	-0.207239	
11.049746	11.895135	1.482586	-0.488744	
11.294063	12.041380	0.035868	-0.601072	
11.543335	12.024518	-0.753600	-0.498046	
11.797660	11.937890	-0.798834	-0.226858	
12.057142	12.072420	1.691808	0.119252	
12.321886	12.485077	3.588460	0.249466	
12.591997	12.995411	3.452706	0.106919	
12.867585	13.431007	2.314626	-0.127826	
13.148760	13.708039	1.027939	-0.282247	
13.435637	13.829657	0.108042	-0.272402	
13.728330	13.854368	-0.239355	-0.101326	
14.026958	13.996309	1.320562	0.172591	
14.331641	14.454177	4.010922	0.335333	
14.642502	15.099958	4.626335	0.188325	
14.959665	15.754406	3.961358	-0.140293	
15.283259	16.238917	2.227315	-0.471147	
15.613415	16.472701	0.399803	-0.625502	
15.950264	16.479147	-0.870686	-0.522438	
16.293943	16.574748	0.930228	-0.185203	
16.644591	16.938304	3.253158	0.069843	
17.002348	17.473405	3.896791	0.064044	
17.367359	18.034383	3.469368	-0.106046	
17.739771	18.515124	2.563499	-0.294612	
18.119734	18.865417	1.579968	-0.395390	
18.507401	19.085953	0.804191	-0.358016	
18.902928	19.174168	0.000000	-0.183025	
0.000000	0.019240	0.192396	-17.960216	
0.020276	0.043066	0.161309	0.001036	
0.040963	0.063380	0.107832	-0.002104	
0.062069	0.081811	0.103052	-0.001311	
0.083603	0.102331	0.131473	0.001792	
0.105574	0.126349	0.158101	0.003243	
0.127990	0.152385	0.164288	0.001642	
0.150861	0.178035	0.152364	-0.001523	
0.174196	0.201829	0.135331	-0.003840	
0.198003	0.223892	0.125459	-0.003825	
0.222294	0.245532	0.128143	-0.001598	
0.247077	0.268336	0.141490	0.001545	
0.272362	0.293392	0.159338	0.004026	
0.298160	0.320916	0.175016	0.004768	
0.324481	0.350334	0.184080	0.003566	
0.351336	0.380638	0.185377	0.001003	
0.378736	0.410825	0.180649	-0.001903	
0.406691	0.440228	0.173287	-0.004134	
0.435212	0.468681	0.166914	-0.005016	
0.464312	0.496488	0.164262	-0.004369	
0.494002	0.524271	0.166592	-0.002486	
0.524294	0.552749	0.173657	0.000024	
0.555201	0.582546	0.184060	0.002451	
0.586733	0.614048	0.195825	0.004187	
0.618906	0.647346	0.206975	0.004858	
0.651730	0.682264	0.215984	0.004384	
0.685220	0.718434	0.222036	0.002957	
0.719389	0.755410	0.225072	0.000955	
0.754251	0.792767	0.225673	-0.001159	
0.789820	0.830194	0.224838	-0.002947	
0.826110	0.867537	0.223722	-0.004084	
0.863136	0.904814	0.223394	-0.004401	
0.900912	0.942190	0.224655	-0.003902	
0.939455	0.979934	0.227940	-0.002735	
0.978778	1.018362	0.233298	-0.001156	
1.018900	1.057777	0.240445	0.000538	
1.059834	1.098429	0.248855	0.002057	
1.101599	1.140479	0.257888	0.003170	
1.144210	1.183988	0.266898	0.003732	
1.187686	1.228926	0.275338	0.003698	
1.232043	1.275184	0.282826	0.003117	
1.277299	1.322605	0.289179	0.002116	
1.323473	1.371014	0.294411	0.000869	
1.370583	1.420248	0.298705	-0.000431	
1.418649	1.470179	0.302368	-0.001600	
1.467689	1.520728	0.305771	-0.002490	
1.517723	1.571877	0.309294	-0.003005	
1.568772	1.623664	0.313276	-0.003106	
1.620855	1.676177	0.317976	-0.002809	
1.673995	1.729537	0.323554	-0.002182	
1.728212	1.783887	0.330061	-0.001325	
1.783529	1.839372	0.337449	-0.000358	
1.839967	1.896125	0.345587	0.000595	
1.897550	1.954255	0.354288	0.001425	
1.956300	2.013840	0.363337	0.002045	
2.016241	2.074927	0.372518	0.002400	
2.077397	2.137525	0.381640	0.002471	
2.139794	2.201620	0.390552	0.002269	
2.203455	2.267173	0.399160	0.001836	
2.268408	2.334138	0.407428	0.001234	
2.334677	2.402461	0.415372	0.000540	
2.402290	2.472096	0.423062	-0.000170	
2.471274	2.543010	0.430601	-0.000822	
2.541657	2.615188	0.438114	-0.001353	
2.613467	2.688632	0.445736	-0.001721	
2.686733	2.763369	0.453594	-0.001899	
2.761484	2.839444	0.461800	-0.001885	
2.837751	2.916918	0.470438	-0.001693	
2.915564	2.995864	0.479563	-0.001354	
2.994955	3.076362	0.489199	-0.000909	
3.075956	3.177552	0.689905	-0.000406	
3.158599	3.231301	0.132738	-0.018953	
3.242917	3.310434	0.576324	0.011616	
3.328946	3.362510	0.204239	0.018512	
3.416718	3.474384	0.910428	0.054208	
3.506271	3.619564	1.004303	0.031887	
3.597639	3.836997	1.593609	-0.021925	
3.690859	3.986732	0.627618	-0.146137	
3.785970	3.966323	-0.803029	-0.200762	
3.883009	3.800570	-1.575890	-0.083314	
3.982016	3.685860	-0.484086	0.181446	
4.083030	3.775094	1.351176	0.397169	
4.186092	4.245959	4.351713	0.410998	
4.291244	4.725013	2.907083	0.045285	
4.398528	4.971278	0.546434	-0.326485	
4.507987	4.988752	-0.810326	-0.463291	
4.619666	4.899574	-0.961671	-0.369086	
4.733608	4.838777	-0.251260	-0.165965	
4.849862	4.829952	0.154946	0.011085	
4.968472	4.807609	-0.188134	0.138519	
5.089487	4.830481	0.318089	0.281878	
5.212956	4.973117	1.334876	0.382475	
5.338928	5.247717	2.175457	0.365811	
5.467455	5.616289	2.587314	0.219738	
5.598587	6.012150	2.484324	-0.017701	
5.732379	6.201603	0.311090	-0.279771	
5.868883	6.205408	-0.719761	-0.332720	
6.008154	6.189256	-0.176741	-0.197254	
6.150250	6.289362	1.065661	-0.039006	
6.295227	6.548919	2.195153	0.005865	
6.443143	6.921541	2.687992	-0.105776	
6.594058	7.110151	0.395612	-0.327483	
6.748033	7.006024	-1.795712	-0.362118	
6.905131	6.781957	-1.824160	-0.100894	
7.065413	6.659924	-0.324068	0.283456	
7.228945	6.763377	1.522670	0.569021	
7.395793	7.087160	2.824008	0.632416	
7.566024	7.588413	3.717402	0.478865	
7.739707	8.077601	2.886871	0.151294	
7.916911	8.375862	1.025856	-0.160690	
8.097708	8.516672	0.215053	-0.278154	
8.282171	8.637039	0.640431	-0.234501	
8.470374	8.836989	1.518033	-0.166665	
8.662393	9.121699	2.047300	-0.174596	
8.858305	9.472802	2.372188	-0.263394	
9.058189	9.748022	1.347794	-0.414612	
9.262127	9.769839	-0.882714	-0.485895	
9.470199	9.597518	-1.810475	-0.299640	
9.682490	9.431116	-0.974743	0.084972	
9.899086	9.446986	0.824319	0.467970	
10.120073	9.707408	2.540734	0.673086	
10.345541	10.242707	4.311302	0.638132	
10.575580	10.795374	3.385470	0.332873	
10.810283	11.163520	1.470791	0.014910	
11.049746	11.365505	0.547267	-0.113774	
11.294063	11.535848	0.895493	-0.071441	
11.543335	11.790322	1.863370	0.007487	
11.797660	12.159730	2.676183	0.007338	
12.057142	12.669219	3.617255	-0.102588	
12.321886	13.132230	2.592156	-0.347333	
12.591997	13.362494	0.450598	-0.540233	
12.867585	13.380421	-0.741794	-0.494909	
13.148760	13.339305	-0.482860	-0.231660	
13.435637	13.394899	0.720400	0.096332	
13.728330	13.625410	2.082737	0.333432	
14.026958	14.069997	3.523829	0.401548	
14.331641	14.637709	3.898772	0.261644	
14.642502	15.084298	2.195033	0.004792	
14.959665	15.335450	0.725175	-0.124632	
15.283259	15.459122	0.232107	-0.052191	
15.613415	15.609340	1.007487	0.154292	
15.950264	15.915087	2.456604	0.340924	
16.293943	16.497804	4.604185	0.378856	
16.644591	17.211569	4.806782	0.146787	
17.002348	17.794113	2.970379	-0.209221	
17.367359	18.150425	1.232943	-0.426754	
17.739771	18.347742	0.547921	-0.410654	
18.119734	18.514626	0.879573	-0.228008	
18.507401	18.758541	1.771612	-0.007225	
18.902928	18.856107	0.000000	0.144387	
0.000000	0.019884	0.198843	-18.172537	
0.020276	0.042275	0.144374	0.000391	
0.040963	0.061724	0.104924	-0.001313	
0.062069	0.081807	0.123028	0.000345	
0.083603	0.104886	0.150467	0.001797	
0.105574	0.129542	0.154244	0.000688	
0.127990	0.153291	0.138861	-0.001552	
0.150861	0.175280	0.124892	-0.002430	
0.174196	0.196671	0.125960	-0.001084	
0.198003	0.219339	0.141108	0.001332	
0.222294	0.244413	0.160073	0.002955	
0.247077	0.271685	0.172424	0.002664	
0.272362	0.299960	0.173667	0.000677	
0.298160	0.327887	0.166168	-0.001800	
0.324481	0.354688	0.156300	-0.003406	
0.351336	0.380458	0.150490	-0.003352	
0.378736	0.405997	0.152314	-0.001722	
0.406691	0.432371	0.161585	0.000694	
0.435212	0.460440	0.175195	0.002841	
0.464312	0.490556	0.188885	0.003872	
0.494002	0.522506	0.199030	0.003446	
0.524294	0.555664	0.203786	0.001789	
0.555201	0.589266	0.203386	-0.000463	
0.586733	0.622676	0.199698	-0.002532	
0.618906	0.655577	0.195362	-0.003771	
0.651730	0.688024	0.192875	-0.003847	
0.685220	0.720393	0.193898	-0.002804	
0.719389	0.753234	0.198935	-0.001004	
0.754251	0.787109	0.207380	0.001017	
0.789820	0.822444	0.217853	0.002711	
0.826110	0.859445	0.228668	0.003666	
0.863136	0.898073	0.238285	0.003691	
0.900912	0.938091	0.245659	0.002839	
0.939455	0.979138	0.250404	0.001364	
0.978778	1.020836	0.252783	-0.000360	
1.018900	1.062870	0.253559	-0.001936	
1.059834	1.105061	0.253763	-0.003036	
1.101599	1.147381	0.254444	-0.003462	
1.144210	1.189955	0.256453	-0.003171	
1.187686	1.233015	0.260307	-0.002269	
1.232043	1.276852	0.266130	-0.000972	
1.277299	1.321756	0.273689	0.000447	
1.323473	1.367965	0.282478	0.001718	
1.370583	1.415633	0.291849	0.002619	
1.418649	1.464815	0.301145	0.003015	
1.467689	1.515470	0.309813	0.002873	
1.517723	1.567480	0.317485	0.002253	
1.568772	1.620685	0.324018	0.001292	
1.620855	1.674917	0.329488	0.000170	
1.673995	1.730025	0.334154	-0.000922	
1.728212	1.785907	0.338391	-0.001812	
1.783529	1.842522	0.342623	-0.002378	
1.839967	1.899893	0.347252	-0.002555	
1.897550	1.958102	0.352598	-0.002344	
1.956300	2.017272	0.358869	-0.001802	
2.016241	2.077554	0.366137	-0.001031	
2.077397	2.139101	0.374350	-0.000156	
2.139794	2.202055	0.383349	0.000692	
2.203455	2.266528	0.392907	0.001400	
2.268408	2.332593	0.402764	0.001880	
2.334677	2.400286	0.412668	0.002084	
2.402290	2.469604	0.422407	0.002005	
2.471274	2.540514	0.431831	0.001671	
2.541657	2.612965	0.440870	0.001143	
2.613467	2.686898	0.449527	0.000502	
2.686733	2.762259	0.457876	-0.000166	
2.761484	2.839008	0.466043	-0.000775	
2.837751	2.917126	0.474188	-0.001257	
2.915564	2.996621	0.482479	-0.001562	
2.994955	3.077527	0.491076	-0.001666	
3.075956	3.167100	0.572105	-0.001571	
3.158599	3.230117	0.271887	-0.008501	
3.242917	3.324362	0.690373	0.012800	
3.328946	3.408283	0.462232	0.004584	
3.416718	3.526843	0.849921	0.008435	
3.506271	3.632675	0.584075	-0.020573	
3.597639	3.736177	0.611692	-0.035037	
3.690859	3.770113	-0.074651	-0.045318	
3.785970	3.766269	-0.174182	0.015857	
3.883009	3.823030	0.582988	0.116740	
3.982016	4.029951	1.842165	0.158986	
4.083030	4.325930	2.132108	0.053079	
4.186092	4.627171	1.828496	-0.139838	
4.291244	4.646603	-1.010644	-0.335927	
4.398528	4.456647	-1.977288	-0.248076	
4.507987	4.309710	-0.709553	0.051339	
4.619666	4.369104	1.181690	0.309956	
4.733608	4.633668	2.408064	0.364505	
4.849862	4.967072	2.275782	0.216194	
4.968472	5.236375	1.359422	0.001400	
5.089487	5.449662	1.055650	-0.146888	
5.212956	5.618101	0.831246	-0.236706	
5.338928	5.719307	0.338309	-0.279172	
5.467455	5.742435	-0.173549	-0.251853	
5.598587	5.709269	-0.424175	-0.143848	
5.732379	5.608185	-0.878174	0.023110	
5.868883	5.606929	0.391773	0.260698	
6.008154	5.816804	2.103781	0.401226	
6.150250	6.184239	2.834845	0.333446	
6.295227	6.567226	2.360130	0.110988	
6.443143	6.843009	1.225881	-0.124083	
6.594058	6.895217	-0.581042	-0.248950	
6.748033	6.863842	-0.522590	-0.147184	
6.905131	6.972513	1.212206	0.041288	
7.065413	7.269748	2.537674	0.092900	
7.228945	7.633452	2.448097	-0.040803	
7.395793	7.905085	1.261517	-0.237659	
7.566024	8.022575	0.088367	-0.339061	
7.739707	7.963634	-1.059372	-0.282869	
7.916911	7.825239	-1.148185	-0.046723	
8.097708	7.809919	0.400374	0.272469	
8.282171	8.023785	2.199946	0.472252	
8.470374	8.411649	3.023171	0.446589	
8.662393	8.835386	2.685915	0.250744	
8.858305	9.201523	1.966425	0.022919	
9.058189	9.433781	0.858031	-0.143334	
9.262127	9.545543	0.188588	-0.171654	
9.470199	9.700760	1.105119	-0.075344	
9.682490	10.003289	2.404426	-0.018270	
9.899086	10.402140	2.778389	-0.104203	
10.120073	10.756875	1.951947	-0.282067	
10.345541	10.985354	0.865857	-0.411334	
10.575580	10.977568	-0.991786	-0.409774	
10.810283	10.836670	-1.377827	-0.167284	
11.049746	10.796466	0.161545	0.213076	
11.294063	10.997775	2.173913	0.497598	
11.543335	11.410975	3.326760	0.545559	
11.797660	11.903974	3.277190	0.386685	
12.057142	12.377985	2.768117	0.153168	
12.321886	12.703156	1.355662	-0.056100	
12.591997	12.894993	0.617689	-0.111159	
12.867585	13.114901	1.431726	-0.027408	
13.148760	13.475493	2.726290	0.033860	
13.435637	13.950723	3.309936	-0.039856	
13.728330	14.422360	2.815444	-0.222393	
14.026958	14.796265	1.852506	-0.395401	
14.331641	14.998959	0.531322	-0.464624	
14.642502	15.013446	-0.665903	-0.356457	
14.959665	15.014291	-0.049502	-0.053781	
15.283259	15.175565	1.609357	0.268968	
15.613415	15.563592	3.235183	0.437850	
15.950264	16.106805	3.880013	0.386671	
16.293943	16.695497	3.714072	0.187138	
16.644591	17.138116	2.071417	-0.050906	
17.002348	17.372766	0.576030	-0.135767	
17.367359	17.554503	0.878765	-0.005407	
17.739771	17.862371	2.351736	0.185269	
18.119734	18.356288	3.707699	0.257363	
18.507401	18.970342	4.164873	0.151113	
18.902928	19.215964	0.000000	-0.067414	
0.000000	0.020128	0.201279	-18.119493	
0.020276	0.041654	0.134753	0.000148	
0.040963	0.061362	0.110974	-0.000692	
0.062069	0.082816	0.135701	0.000707	
0.083603	0.106266	0.148687	0.000788	
0.105574	0.129410	0.137640	-0.000692	
0.127990	0.151209	0.125416	-0.001419	
0.150861	0.172864	0.129359	-0.000348	
0.174196	0.196136	0.146091	0.001331	
0.198003	0.221577	0.161330	0.001868	
0.222294	0.248251	0.164966	0.000716	
0.247077	0.274693	0.157729	-0.001174	
0.272362	0.300070	0.148003	-0.002330	
0.298160	0.324670	0.144497	-0.001910	
0.324481	0.349586	0.150755	-0.000189	
0.351336	0.375968	0.164151	0.001750	
0.378736	0.404376	0.178559	0.002768	
0.406691	0.434561	0.188219	0.002315	
0.435212	0.465688	0.190523	0.000651	
0.464312	0.496807	0.186687	-0.001375	
0.494002	0.527308	0.180538	-0.002805	
0.524294	0.557152	0.176434	-0.003014	
0.555201	0.586828	0.177379	-0.001952	
0.586733	0.617104	0.184058	-0.000094	
0.618906	0.648708	0.194941	0.001802	
0.651730	0.682069	0.207188	0.003022	
0.685220	0.717198	0.217849	0.003151	
0.719389	0.753739	0.224885	0.002191	
0.754251	0.791125	0.227703	0.000513	
0.789820	0.828793	0.227138	-0.001305	
0.826110	0.866359	0.224989	-0.002683	
0.863136	0.903721	0.223348	-0.003224	
0.900912	0.941060	0.223952	-0.002809	
0.939455	0.978771	0.227742	-0.001606	
0.978778	1.017326	0.234714	0.000008	
1.018900	1.057153	0.244050	0.001574	
1.059834	1.098528	0.254435	0.002681	
1.101599	1.141523	0.264461	0.003071	
1.144210	1.186020	0.272982	0.002687	
1.187686	1.231755	0.279361	0.001666	
1.232043	1.278404	0.283554	0.000288	
1.277299	1.325668	0.286048	-0.001105	
1.323473	1.373342	0.287680	-0.002195	
1.370583	1.421353	0.289416	-0.002759	
1.418649	1.469770	0.292124	-0.002705	
1.467689	1.518777	0.296403	-0.002082	
1.517723	1.568629	0.302493	-0.001054	
1.568772	1.619597	0.310272	0.000142	
1.620855	1.671917	0.319320	0.001258	
1.673995	1.725748	0.329039	0.002078	
1.728212	1.781160	0.338788	0.002464	
1.783529	1.838125	0.348010	0.002369	
1.839967	1.896544	0.356324	0.001842	
1.897550	1.956269	0.363577	0.001006	
1.956300	2.017143	0.369843	0.000030	
2.016241	2.079032	0.375387	-0.000903	
2.077397	2.141847	0.380598	-0.001635	
2.139794	2.205564	0.385909	-0.002053	
2.203455	2.270223	0.391720	-0.002109	
2.268408	2.335920	0.398338	-0.001815	
2.334677	2.402793	0.405934	-0.001243	
2.402290	2.470995	0.414538	-0.000502	
2.471274	2.540680	0.424041	0.000279	
2.541657	2.611978	0.434236	0.000977	
2.613467	2.684982	0.444853	0.001489	
2.686733	2.759746	0.455615	0.001750	
2.761484	2.836278	0.466272	0.001738	
2.837751	2.914556	0.476642	0.001472	
2.915564	2.994529	0.486628	0.001008	
2.994955	3.076141	0.496224	0.000426	
3.075956	3.162056	0.532704	-0.000185	
3.158599	3.235301	0.388784	-0.003458	
3.242917	3.333833	0.692343	0.007617	
3.328946	3.420538	0.472927	-0.004887	
3.416718	3.521394	0.661736	-0.003820	
3.506271	3.602343	0.406065	-0.015124	
3.597639	3.684224	0.495019	-0.004704	
3.690859	3.747148	0.301713	0.006635	
3.785970	3.838155	0.658375	0.038822	
3.883009	3.991185	1.166265	0.044854	
3.982016	4.180060	1.276641	-0.009169	
4.083030	4.305364	0.497531	-0.097031	
4.186092	4.342362	-0.131229	-0.119272	
4.291244	4.250549	-1.066129	-0.051119	
4.398528	4.246206	0.323829	0.147979	
4.507987	4.466082	2.216128	0.261781	
4.619666	4.820645	2.666124	0.153583	
4.733608	5.122694	1.602244	-0.087036	
4.849862	5.241686	-0.018285	-0.272833	
4.968472	5.199667	-0.896156	-0.273214	
5.089487	5.142561	-0.402978	-0.110179	
5.212956	5.153459	0.337401	0.070395	
5.338928	5.242404	0.845855	0.185469	
5.467455	5.402429	1.244469	0.225051	
5.598587	5.623654	1.572158	0.196159	
5.732379	5.862969	1.508240	0.108724	
5.868883	6.157982	1.992876	0.005914	
6.008154	6.449853	1.738658	-0.149827	
6.150250	6.620659	0.540580	-0.299603	
6.295227	6.626542	-0.624403	-0.325433	
6.443143	6.538541	-0.903534	-0.183399	
6.594058	6.457157	-0.461842	0.055517	
6.748033	6.558222	1.336189	0.290877	
6.905131	6.881293	2.826455	0.346909	
7.065413	7.266060	2.555381	0.184120	
7.228945	7.537246	1.172790	-0.037115	
7.395793	7.653191	0.074706	-0.141453	
7.566024	7.710593	0.110240	-0.087166	
7.739707	7.803648	0.700943	0.029114	
7.916911	8.015532	1.746621	0.113263	
8.097708	8.367458	2.671728	0.082176	
8.282171	8.744695	2.364665	-0.085288	
8.470374	8.996314	1.007233	-0.274322	
8.662393	9.067032	-0.299288	-0.333921	
8.858305	9.036726	-0.585935	-0.208727	
9.058189	9.011753	-0.128504	0.021464	
9.262127	9.102148	1.003844	0.250374	
9.470199	9.388477	2.501707	0.368051	
9.682490	9.798089	2.950802	0.294013	
9.899086	10.176734	2.148000	0.100997	
10.120073	10.432344	1.041529	-0.056661	
10.345541	10.606679	0.720902	-0.086804	
10.575580	10.750640	0.742273	-0.031099	
10.810283	10.997860	1.896353	0.059643	
11.049746	11.406670	3.099218	0.051886	
11.294063	11.866968	2.967746	-0.112606	
11.543335	12.209675	1.585877	-0.323633	
11.797660	12.354555	0.077975	-0.412015	
12.057142	12.369241	-0.432666	-0.297413	
12.321886	12.347852	-0.272631	-0.047355	
12.591997	12.441949	1.026524	0.244145	
12.867585	12.754550	2.749627	0.425636	
13.148760	13.225095	3.455036	0.394210	
13.435637	13.701480	2.881681	0.210543	
13.728330	14.076808	1.847730	0.026850	
14.026958	14.361889	1.349501	-0.049849	
14.331641	14.615889	1.399675	-0.030248	
14.642502	14.910894	1.934057	0.026613	
14.959665	15.340641	3.117447	0.048771	
15.283259	15.868286	3.557454	-0.057382	
15.613415	16.362172	2.828285	-0.254871	
15.950264	16.698421	1.386948	-0.411908	
16.293943	16.867255	0.343340	-0.404478	
16.644591	16.916338	-0.184503	-0.222664	
17.002348	17.006327	0.703554	0.086010	
17.367359	17.311715	2.693932	0.361033	
17.739771	17.839437	4.055660	0.428056	
18.119734	18.446789	3.962633	0.280297	
18.507401	18.980220	2.904905	0.060612	
18.902928	19.193592	0.000000	-0.077292	
