0.000000 0.000000 0.118944 0.185302 0.066358 
1.000000 0.000000 0.137997 0.205891 0.067894 
2.000000 0.000000 0.154077 0.228768 0.074691 
3.000000 0.000000 0.178198 0.254187 0.075989 
4.000000 0.000000 0.212463 0.282430 0.069966 
5.000000 0.000000 0.233527 0.313811 0.080284 
6.000000 0.000000 0.261591 0.348678 0.087088 
7.000000 0.000000 0.292269 0.387420 0.095152 
8.000000 0.000000 0.302675 0.430467 0.127792 
9.000000 0.000000 0.281366 0.387420 0.106054 
10.000000 0.000000 0.251303 0.348678 0.097375 
11.000000 0.000000 0.223700 0.313811 0.090110 
12.000000 0.000000 0.192710 0.282430 0.089719 
13.000000 0.000000 0.170236 0.254187 0.083951 
14.000000 0.000000 0.147636 0.228768 0.081132 
15.000000 0.000000 0.129817 0.205891 0.076074 
0.000000 1.000000 0.136585 0.205891 0.069306 
1.000000 1.000000 0.157705 0.228768 0.071063 
2.000000 1.000000 0.177226 0.254187 0.076960 
3.000000 1.000000 0.206764 0.282430 0.075666 
4.000000 1.000000 0.247289 0.313811 0.066522 
5.000000 1.000000 0.276296 0.348678 0.072382 
6.000000 1.000000 0.320210 0.387420 0.067210 
7.000000 1.000000 0.357168 0.430467 0.073300 
8.000000 1.000000 0.345626 0.478297 0.132671 
9.000000 1.000000 0.337359 0.430467 0.093108 
10.000000 1.000000 0.295062 0.387420 0.092358 
11.000000 1.000000 0.269639 0.348678 0.079040 
12.000000 1.000000 0.231874 0.313811 0.081937 
13.000000 1.000000 0.199734 0.282430 0.082696 
14.000000 1.000000 0.169477 0.254187 0.084710 
15.000000 1.000000 0.147662 0.228768 0.081106 
0.000000 2.000000 0.151902 0.228768 0.076866 
1.000000 2.000000 0.179724 0.254187 0.074463 
2.000000 2.000000 0.208068 0.282430 0.074362 
3.000000 2.000000 0.244437 0.313811 0.069374 
4.000000 2.000000 0.290525 0.348678 0.058153 
5.000000 2.000000 0.329550 0.387420 0.057871 
6.000000 2.000000 0.376068 0.430467 0.054399 
7.000000 2.000000 0.423839 0.478297 0.054458 
8.000000 2.000000 0.397513 0.531441 0.133928 
9.000000 2.000000 0.402761 0.478297 0.075536 
10.000000 2.000000 0.359038 0.430467 0.071429 
11.000000 2.000000 0.322307 0.387420 0.065113 
12.000000 2.000000 0.277237 0.348678 0.071441 
13.000000 2.000000 0.240262 0.313811 0.073549 
14.000000 2.000000 0.200493 0.282430 0.081937 
15.000000 2.000000 0.171592 0.254187 0.082595 
0.000000 3.000000 0.173445 0.254187 0.080742 
1.000000 3.000000 0.207812 0.282430 0.074618 
2.000000 3.000000 0.244715 0.313811 0.069096 
3.000000 3.000000 0.282423 0.348678 0.066256 
4.000000 3.000000 0.342085 0.387420 0.045335 
5.000000 3.000000 0.388615 0.430467 0.041853 
6.000000 3.000000 0.440035 0.478297 0.038262 
7.000000 3.000000 0.490512 0.531441 0.040929 
8.000000 3.000000 0.514370 0.590490 0.076120 
9.000000 3.000000 0.466855 0.531441 0.064586 
10.000000 3.000000 0.426096 0.478297 0.052201 
11.000000 3.000000 0.371801 0.430467 0.058666 
12.000000 3.000000 0.324045 0.387420 0.063375 
13.000000 3.000000 0.281131 0.348678 0.067547 
14.000000 3.000000 0.234491 0.313811 0.079319 
15.000000 3.000000 0.197384 0.282430 0.085045 
0.000000 4.000000 0.191682 0.282430 0.090748 
1.000000 4.000000 0.234153 0.313811 0.079657 
2.000000 4.000000 0.277718 0.348678 0.070961 
3.000000 4.000000 0.333296 0.387420 0.054125 
4.000000 4.000000 0.391260 0.430467 0.039207 
5.000000 4.000000 0.446533 0.478297 0.031764 
6.000000 4.000000 0.504785 0.531441 0.026656 
7.000000 4.000000 0.563830 0.590490 0.026660 
8.000000 4.000000 0.609129 0.656100 0.046971 
9.000000 4.000000 0.565501 0.590490 0.024989 
10.000000 4.000000 0.498289 0.531441 0.033151 
11.000000 4.000000 0.432072 0.478297 0.046225 
12.000000 4.000000 0.376050 0.430467 0.054417 
13.000000 4.000000 0.321918 0.387420 0.065502 
14.000000 4.000000 0.267146 0.348678 0.081532 
15.000000 4.000000 0.226049 0.313811 0.087761 
0.000000 5.000000 0.219855 0.313811 0.093956 
1.000000 5.000000 0.267767 0.348678 0.080911 
2.000000 5.000000 0.317765 0.387420 0.069656 
3.000000 5.000000 0.382739 0.430467 0.047728 
4.000000 5.000000 0.445114 0.478297 0.033183 
5.000000 5.000000 0.508342 0.531441 0.023099 
6.000000 5.000000 0.572976 0.590490 0.017514 
7.000000 5.000000 0.640399 0.656100 0.015701 
8.000000 5.000000 0.709572 0.729000 0.019428 
9.000000 5.000000 0.643026 0.656100 0.013074 
10.000000 5.000000 0.575781 0.590490 0.014709 
11.000000 5.000000 0.499345 0.531441 0.032096 
12.000000 5.000000 0.431301 0.478297 0.046996 
13.000000 5.000000 0.371274 0.430467 0.059193 
14.000000 5.000000 0.307568 0.387420 0.079853 
15.000000 5.000000 0.247246 0.348678 0.101433 
0.000000 6.000000 0.250052 0.348678 0.098627 
1.000000 6.000000 0.305527 0.387420 0.081893 
2.000000 6.000000 0.358914 0.430467 0.071553 
3.000000 6.000000 0.422686 0.478297 0.055611 
4.000000 6.000000 0.493488 0.531441 0.037953 
5.000000 6.000000 0.574604 0.590490 0.015886 
6.000000 6.000000 0.649623 0.656100 0.006477 
7.000000 6.000000 0.723693 0.729000 0.005307 
8.000000 6.000000 0.805083 0.810000 0.004917 
9.000000 6.000000 0.724512 0.729000 0.004488 
10.000000 6.000000 0.645663 0.656100 0.010437 
11.000000 6.000000 0.574025 0.590490 0.016465 
12.000000 6.000000 0.485899 0.531441 0.045542 
13.000000 6.000000 0.424634 0.478297 0.053663 
14.000000 6.000000 0.338922 0.430467 0.091545 
15.000000 6.000000 0.279420 0.387420 0.108001 
0.000000 7.000000 0.279102 0.387420 0.108318 
1.000000 7.000000 0.342694 0.430467 0.087773 
2.000000 7.000000 0.401779 0.478297 0.076518 
3.000000 7.000000 0.468007 0.531441 0.063434 
4.000000 7.000000 0.560408 0.590490 0.030082 
5.000000 7.000000 0.640002 0.656100 0.016098 
6.000000 7.000000 0.726050 0.729000 0.002950 
7.000000 7.000000 0.809507 0.810000 0.000493 
8.000000 7.000000 0.899849 0.900000 0.000151 
9.000000 7.000000 0.808878 0.810000 0.001122 
10.000000 7.000000 0.725743 0.729000 0.003257 
11.000000 7.000000 0.641793 0.656100 0.014307 
12.000000 7.000000 0.566551 0.590490 0.023939 
13.000000 7.000000 0.483953 0.531441 0.047488 
14.000000 7.000000 0.385811 0.478297 0.092486 
15.000000 7.000000 0.315612 0.430467 0.114855 
0.000000 8.000000 0.282296 0.430467 0.148171 
1.000000 8.000000 0.353852 0.478297 0.124445 
2.000000 8.000000 0.412805 0.531441 0.118636 
3.000000 8.000000 0.520602 0.590490 0.069888 
4.000000 8.000000 0.627423 0.656100 0.028677 
5.000000 8.000000 0.718404 0.729000 0.010596 
6.000000 8.000000 0.809645 0.810000 0.000355 
7.000000 8.000000 0.899817 0.900000 0.000183 
8.000000 8.000000 1.000000 1.000000 0.000000 
9.000000 8.000000 0.898008 0.900000 0.001992 
10.000000 8.000000 0.806203 0.810000 0.003797 
11.000000 8.000000 0.710605 0.729000 0.018395 
12.000000 8.000000 0.619677 0.656100 0.036423 
13.000000 8.000000 0.509075 0.590490 0.081415 
14.000000 8.000000 0.405198 0.531441 0.126243 
15.000000 8.000000 0.340296 0.478297 0.138001 
0.000000 9.000000 0.283832 0.387420 0.103589 
1.000000 9.000000 0.332032 0.430467 0.098436 
2.000000 9.000000 0.415743 0.478297 0.062553 
3.000000 9.000000 0.496841 0.531441 0.034600 
4.000000 9.000000 0.562844 0.590490 0.027646 
5.000000 9.000000 0.648447 0.656100 0.007653 
6.000000 9.000000 0.727565 0.729000 0.001435 
7.000000 9.000000 0.809452 0.810000 0.000548 
8.000000 9.000000 0.899580 0.900000 0.000419 
9.000000 9.000000 0.809120 0.810000 0.000880 
10.000000 9.000000 0.723378 0.729000 0.005622 
11.000000 9.000000 0.639060 0.656100 0.017040 
12.000000 9.000000 0.546224 0.590490 0.044266 
13.000000 9.000000 0.452257 0.531441 0.079184 
14.000000 9.000000 0.363857 0.478297 0.114440 
15.000000 9.000000 0.305701 0.430467 0.124766 
0.000000 10.000000 0.254941 0.348678 0.093738 
1.000000 10.000000 0.300010 0.387420 0.087411 
2.000000 10.000000 0.360492 0.430467 0.069975 
3.000000 10.000000 0.427216 0.478297 0.051081 
4.000000 10.000000 0.503204 0.531441 0.028237 
5.000000 10.000000 0.579620 0.590490 0.010870 
6.000000 10.000000 0.651280 0.656100 0.004820 
7.000000 10.000000 0.726458 0.729000 0.002542 
8.000000 10.000000 0.808232 0.810000 0.001768 
9.000000 10.000000 0.726349 0.729000 0.002650 
10.000000 10.000000 0.648977 0.656100 0.007123 
11.000000 10.000000 0.568552 0.590490 0.021938 
12.000000 10.000000 0.469051 0.531441 0.062390 
13.000000 10.000000 0.408524 0.478297 0.069773 
14.000000 10.000000 0.346379 0.430467 0.084088 
15.000000 10.000000 0.281135 0.387420 0.106285 
0.000000 11.000000 0.225447 0.313811 0.088364 
1.000000 11.000000 0.270333 0.348678 0.078345 
2.000000 11.000000 0.318821 0.387420 0.068600 
3.000000 11.000000 0.383224 0.430467 0.047243 
4.000000 11.000000 0.446397 0.478297 0.031900 
5.000000 11.000000 0.511591 0.531441 0.019849 
6.000000 11.000000 0.575790 0.590490 0.014700 
7.000000 11.000000 0.646448 0.656100 0.009652 
8.000000 11.000000 0.718321 0.729000 0.010679 
9.000000 11.000000 0.640808 0.656100 0.015292 
10.000000 11.000000 0.572512 0.590490 0.017978 
11.000000 11.000000 0.507581 0.531441 0.023860 
12.000000 11.000000 0.438150 0.478297 0.040146 
13.000000 11.000000 0.372230 0.430467 0.058237 
14.000000 11.000000 0.300658 0.387420 0.086762 
15.000000 11.000000 0.253087 0.348678 0.095592 
0.000000 12.000000 0.197404 0.282430 0.085025 
1.000000 12.000000 0.233926 0.313811 0.079884 
2.000000 12.000000 0.268640 0.348678 0.080038 
3.000000 12.000000 0.320494 0.387420 0.066926 
4.000000 12.000000 0.374800 0.430467 0.055668 
5.000000 12.000000 0.434498 0.478297 0.043798 
6.000000 12.000000 0.498980 0.531441 0.032461 
7.000000 12.000000 0.558375 0.590490 0.032115 
8.000000 12.000000 0.622884 0.656100 0.033216 
9.000000 12.000000 0.557297 0.590490 0.033193 
10.000000 12.000000 0.495516 0.531441 0.035925 
11.000000 12.000000 0.442579 0.478297 0.035718 
12.000000 12.000000 0.372150 0.430467 0.058317 
13.000000 12.000000 0.323573 0.387420 0.063847 
14.000000 12.000000 0.268034 0.348678 0.080645 
15.000000 12.000000 0.225722 0.313811 0.088089 
0.000000 13.000000 0.171294 0.254187 0.082893 
1.000000 13.000000 0.202176 0.282430 0.080253 
2.000000 13.000000 0.234870 0.313811 0.078941 
3.000000 13.000000 0.274805 0.348678 0.073874 
4.000000 13.000000 0.324078 0.387420 0.063342 
5.000000 13.000000 0.372138 0.430467 0.058329 
6.000000 13.000000 0.427857 0.478297 0.050440 
7.000000 13.000000 0.479178 0.531441 0.052263 
8.000000 13.000000 0.523868 0.590490 0.066622 
9.000000 13.000000 0.464433 0.531441 0.067008 
10.000000 13.000000 0.426887 0.478297 0.051410 
11.000000 13.000000 0.383611 0.430467 0.046856 
12.000000 13.000000 0.332723 0.387420 0.054697 
13.000000 13.000000 0.283569 0.348678 0.065110 
14.000000 13.000000 0.236624 0.313811 0.077187 
15.000000 13.000000 0.201616 0.282430 0.080814 
0.000000 14.000000 0.150186 0.228768 0.078582 
1.000000 14.000000 0.172213 0.254187 0.081973 
2.000000 14.000000 0.197062 0.282430 0.085368 
3.000000 14.000000 0.233249 0.313811 0.080562 
4.000000 14.000000 0.269972 0.348678 0.078707 
5.000000 14.000000 0.312374 0.387420 0.075046 
6.000000 14.000000 0.349093 0.430467 0.081374 
7.000000 14.000000 0.398706 0.478297 0.079590 
8.000000 14.000000 0.425519 0.531441 0.105922 
9.000000 14.000000 0.379863 0.478297 0.098434 
10.000000 14.000000 0.351602 0.430467 0.078865 
11.000000 14.000000 0.316752 0.387420 0.070668 
12.000000 14.000000 0.281220 0.348678 0.067458 
13.000000 14.000000 0.246606 0.313811 0.067204 
14.000000 14.000000 0.210709 0.282430 0.071721 
15.000000 14.000000 0.171332 0.254187 0.082855 
0.000000 15.000000 0.131502 0.205891 0.074389 
1.000000 15.000000 0.148726 0.228768 0.080042 
2.000000 15.000000 0.170885 0.254187 0.083302 
3.000000 15.000000 0.203023 0.282430 0.079407 
4.000000 15.000000 0.232538 0.313811 0.081273 
5.000000 15.000000 0.264487 0.348678 0.084191 
6.000000 15.000000 0.298591 0.387420 0.088830 
7.000000 15.000000 0.338506 0.430467 0.091962 
8.000000 15.000000 0.341420 0.478297 0.136877 
9.000000 15.000000 0.313537 0.430467 0.116930 
10.000000 15.000000 0.296869 0.387420 0.090551 
11.000000 15.000000 0.274597 0.348678 0.074082 
12.000000 15.000000 0.234141 0.313811 0.079669 
13.000000 15.000000 0.201768 0.282430 0.080661 
14.000000 15.000000 0.175457 0.254187 0.078730 
15.000000 15.000000 0.153225 0.228768 0.075543 
