0.000000	0.000000	0.000000	0.000000	
0.020276	0.000000	0.000000	0.020276	
0.040963	0.000000	0.000000	0.040963	
0.062069	0.000000	0.000000	0.062069	
0.083603	0.000000	0.000000	0.083603	
0.105574	0.000000	0.000000	0.105574	
0.127990	0.000000	0.000000	0.127990	
0.150861	0.000000	0.000000	0.150861	
0.174196	0.000000	0.000000	0.174196	
0.198003	0.000000	0.000000	0.198003	
0.222294	0.000000	0.000000	0.222294	
0.247077	0.000000	0.000000	0.247077	
0.272362	0.000000	0.000000	0.272362	
0.298160	0.000000	0.000000	0.298160	
0.324481	0.000000	0.000000	0.324481	
0.351336	0.000000	0.000000	0.351336	
0.378736	0.000000	0.000000	0.378736	
0.406691	0.000000	0.000000	0.406691	
0.435212	0.000000	0.000000	0.435212	
0.464312	0.000000	0.000000	0.464312	
0.494002	0.000000	0.000000	0.494002	
0.524294	0.000000	0.000000	0.524294	
0.555201	0.000000	0.000000	0.555201	
0.586733	0.000000	0.000000	0.586733	
0.618906	0.000000	0.000000	0.618906	
0.651730	0.000000	0.000000	0.651730	
0.685220	0.000000	0.000000	0.685220	
0.719389	0.000000	0.000000	0.719389	
0.754251	0.000000	0.000000	0.754251	
0.789820	0.000000	0.000000	0.789820	
0.826110	0.000000	0.000000	0.826110	
0.863136	0.000000	0.000000	0.863136	
0.900912	0.000000	0.000000	0.900912	
0.939455	0.000000	0.000000	0.939455	
0.978778	0.000000	0.000000	0.978778	
1.018900	0.000000	0.000000	1.018900	
1.059834	0.000000	0.000000	1.059834	
1.101599	0.000000	0.000000	1.101599	
1.144210	0.000000	0.000000	1.144210	
1.187686	0.000000	0.000000	1.187686	
1.232043	0.000000	0.000000	1.232043	
1.277299	0.000000	0.000000	1.277299	
1.323473	0.000000	0.000000	1.323473	
1.370583	0.000000	0.000000	1.370583	
1.418649	0.000000	0.000000	1.418649	
1.467689	0.000000	0.000000	1.467689	
1.517723	0.000000	0.000000	1.517723	
1.568772	0.000000	0.000000	1.568772	
1.620855	0.000000	0.000000	1.620855	
1.673995	0.000000	0.000000	1.673995	
1.728212	0.000000	0.000000	1.728212	
1.783529	0.000000	0.000000	1.783529	
1.839967	0.000000	0.000000	1.839967	
1.897550	0.000000	0.000000	1.897550	
1.956300	0.000000	0.000000	1.956300	
2.016241	0.000000	0.000000	2.016241	
2.077397	0.000000	0.000000	2.077397	
2.139794	0.000000	0.000000	2.139794	
2.203455	0.000000	0.000000	2.203455	
2.268408	0.000000	0.000000	2.268408	
2.334677	0.000000	0.000000	2.334677	
2.402290	0.000000	0.000000	2.402290	
2.471274	0.000000	0.000000	2.471274	
2.541657	0.000000	0.000000	2.541657	
2.613467	0.000000	0.000000	2.613467	
2.686733	0.000000	0.000000	2.686733	
2.761484	0.000000	0.000000	2.761484	
2.837751	0.000000	0.000000	2.837751	
2.915564	0.000000	0.000000	2.915564	
2.994955	0.000000	0.000000	2.994955	
3.075956	0.000000	0.000000	3.075956	
3.158599	0.000000	0.000000	3.158599	
3.242917	0.000000	0.000000	3.242917	
3.328946	0.000000	0.000000	3.328946	
3.416718	0.000000	0.000000	3.416718	
3.506271	0.000000	0.000000	3.506271	
3.597639	0.000000	0.000000	3.597639	
3.690859	0.000000	0.000000	3.690859	
3.785970	0.000000	0.000000	3.785970	
3.883009	0.000000	0.000000	3.883009	
3.982016	0.000000	0.000000	3.982016	
4.083030	0.000000	0.000000	4.083030	
4.186092	0.000000	0.000000	4.186092	
4.291244	0.000000	0.000000	4.291244	
4.398528	0.000000	0.000000	4.398528	
4.507987	0.000000	0.000000	4.507987	
4.619666	0.000000	0.000000	4.619666	
4.733608	0.000000	0.000000	4.733608	
4.849862	0.000000	0.000000	4.849862	
4.968472	0.000000	0.000000	4.968472	
5.089487	0.000000	0.000000	5.089487	
5.212956	0.000000	0.000000	5.212956	
5.338928	0.000000	0.000000	5.338928	
5.467455	0.000000	0.000000	5.467455	
5.598587	0.000000	0.000000	5.598587	
5.732379	0.000000	0.000000	5.732379	
5.868883	0.000000	0.000000	5.868883	
6.008154	0.000000	0.000000	6.008154	
6.150250	0.000000	0.000000	6.150250	
6.295227	0.000000	0.000000	6.295227	
6.443143	0.000000	0.000000	6.443143	
6.594058	0.000000	0.000000	6.594058	
6.748033	0.000000	0.000000	6.748033	
6.905131	0.000000	0.000000	6.905131	
7.065413	0.000000	0.000000	7.065413	
7.228945	0.000000	0.000000	7.228945	
7.395793	0.000000	0.000000	7.395793	
7.566024	0.000000	0.000000	7.566024	
7.739707	0.000000	0.000000	7.739707	
7.916911	0.000000	0.000000	7.916911	
8.097708	0.000000	0.000000	8.097708	
8.282171	0.000000	0.000000	8.282171	
8.470374	0.000000	0.000000	8.470374	
8.662393	0.000000	0.000000	8.662393	
8.858305	0.000000	0.000000	8.858305	
9.058189	0.000000	0.000000	9.058189	
9.262127	0.000000	0.000000	9.262127	
9.470199	0.000000	0.000000	9.470199	
9.682490	0.000000	0.000000	9.682490	
9.899086	0.000000	0.000000	9.899086	
10.120073	0.000000	0.000000	10.120073	
10.345541	0.000000	0.000000	10.345541	
10.575580	0.000000	0.000000	10.575580	
10.810283	0.000000	0.000000	10.810283	
11.049746	0.000000	0.000000	11.049746	
11.294063	0.000000	0.000000	11.294063	
11.543335	0.000000	0.000000	11.543335	
11.797660	0.000000	0.000000	11.797660	
12.057142	0.000000	0.000000	12.057142	
12.321886	0.000000	0.000000	12.321886	
12.591997	0.000000	0.000000	12.591997	
12.867585	0.000000	0.000000	12.867585	
13.148760	0.000000	0.000000	13.148760	
13.435637	0.000000	0.000000	13.435637	
13.728330	0.000000	0.000000	13.728330	
14.026958	0.000000	0.000000	14.026958	
14.331641	0.000000	0.000000	14.331641	
14.642502	0.000000	0.000000	14.642502	
14.959665	0.000000	0.000000	14.959665	
15.283259	0.000000	0.000000	15.283259	
15.613415	0.000000	0.000000	15.613415	
15.950264	0.000000	0.000000	15.950264	
16.293943	0.000000	0.000000	16.293943	
16.644591	0.000000	0.000000	16.644591	
17.002348	0.000000	0.000000	17.002348	
17.367359	0.000000	0.000000	17.367359	
17.739771	0.000000	0.000000	17.739771	
18.119734	0.000000	0.000000	18.119734	
18.507401	0.000000	0.000000	18.507401	
18.902928	0.000000	0.000000	18.902928	
0.000000	0.020205	0.067350	0.000000	
0.020276	0.041326	0.043324	0.000071	
0.040963	0.061459	0.054822	-0.000364	
0.062069	0.083675	0.079843	0.000610	
0.083603	0.106295	0.094365	-0.000071	
0.105574	0.127875	0.107971	-0.000721	
0.127990	0.150025	0.129203	0.000115	
0.150861	0.174054	0.151818	0.000836	
0.174196	0.198841	0.169394	0.000142	
0.198003	0.222884	0.184951	-0.000838	
0.222294	0.246562	0.204386	-0.000590	
0.247077	0.271421	0.227883	0.000515	
0.272362	0.298013	0.250855	0.000942	
0.298160	0.325309	0.270589	0.000147	
0.324481	0.352132	0.289160	-0.000828	
0.351336	0.378579	0.310186	-0.000796	
0.378736	0.405788	0.334499	0.000156	
0.406691	0.434575	0.359716	0.000903	
0.435212	0.464603	0.383313	0.000637	
0.464312	0.494873	0.405282	-0.000291	
0.494002	0.524833	0.427742	-0.000870	
0.524294	0.554897	0.452508	-0.000538	
0.555201	0.585938	0.479385	0.000304	
0.586733	0.618408	0.506678	0.000795	
0.618906	0.651970	0.533022	0.000498	
0.651730	0.685919	0.558597	-0.000240	
0.685220	0.719880	0.584734	-0.000699	
0.719389	0.754117	0.612560	-0.000491	
0.754251	0.789234	0.642055	0.000134	
0.789820	0.825618	0.672250	0.000586	
0.826110	0.863146	0.702216	0.000492	
0.863136	0.901367	0.731846	-0.000010	
0.900912	0.939933	0.761827	-0.000455	
0.939455	0.978887	0.792967	-0.000479	
0.978778	1.018588	0.825526	-0.000108	
1.018900	1.059397	0.859104	0.000311	
1.059834	1.101395	0.893071	0.000437	
1.101599	1.144374	0.927108	0.000204	
1.144210	1.188049	0.961418	-0.000164	
1.187686	1.232303	0.996500	-0.000363	
1.232043	1.277268	1.032731	-0.000260	
1.277299	1.323205	1.070111	0.000031	
1.323473	1.370301	1.108329	0.000268	
1.370583	1.418551	1.147055	0.000283	
1.418649	1.467803	1.186192	0.000098	
1.467689	1.517895	1.225918	-0.000114	
1.517723	1.568788	1.266517	-0.000172	
1.568772	1.620575	1.308149	-0.000016	
1.620855	1.673392	1.350744	0.000281	
1.673995	1.727297	1.394060	0.000603	
1.728212	1.782205	1.437829	0.000915	
1.783529	1.837907	1.481877	0.001324	
1.839967	1.894134	1.526113	0.002061	
1.897550	1.950612	1.570415	0.003416	
1.956300	2.007037	1.614495	0.005688	
2.016241	2.063003	1.657822	0.009203	
2.077397	2.117911	1.699656	0.014394	
2.139794	2.170923	1.739141	0.021883	
2.203455	2.220995	1.775421	0.032532	
2.268408	2.266966	1.807735	0.047413	
2.334677	2.307710	1.835517	0.067712	
2.402290	2.342324	1.858546	0.094580	
2.471274	2.370380	1.877212	0.128950	
2.541657	2.392266	1.892883	0.171277	
2.613467	2.409637	1.908357	0.221201	
2.686733	2.425967	1.928289	0.277095	
2.761484	2.447102	1.959483	0.335517	
2.837751	2.481722	2.010936	0.390649	
2.915564	2.541496	2.093475	0.433842	
2.994955	2.640771	2.218885	0.453459	
3.075956	2.795563	2.398398	0.435184	
3.158599	3.021681	2.640475	0.363036	
3.242917	3.331891	2.947932	0.221236	
3.328946	3.732120	3.314609	-0.002945	
3.416718	4.216976	3.722054	-0.315401	
3.506271	4.765094	4.136890	-0.710706	
3.597639	5.335159	4.509768	-1.167455	
3.690859	5.863789	4.776906	-1.644300	
3.785970	6.266598	4.865122	-2.077819	
3.883009	6.443806	4.700971	-2.383589	
3.982016	6.291369	4.223973	-2.461790	
4.083030	5.717952	3.403061	-2.208339	
4.186092	4.666907	2.254316	-1.531860	
4.291244	3.141006	0.856897	-0.375663	
4.398528	1.226104	-0.636836	1.257522	
4.507987	-0.891567	-2.001441	3.281883	
4.619666	-2.920621	-2.952856	5.511232	
4.733608	-4.478322	-3.179831	7.654230	
4.849862	-5.127530	-2.392379	9.328184	
4.968472	-4.438232	-0.383654	10.096002	
5.089487	-2.070409	2.902585	9.527719	
5.212956	2.130815	7.310828	7.283365	
5.338928	8.042808	12.433831	3.208113	
5.467455	15.195816	17.609306	-2.575353	
5.598587	22.748395	21.966267	-9.597228	
5.732379	29.528303	24.527708	-17.016016	
5.868883	34.152302	24.366389	-23.659420	
6.008154	35.225917	20.798019	-28.144148	
6.150250	31.607402	13.583152	-29.075667	
6.295227	22.701367	3.098367	-25.312175	
6.443143	8.730249	-9.567965	-16.258224	
6.594058	-9.079361	-22.636954	-2.136191	
6.748033	-28.459212	-33.805883	15.827394	
6.905131	-46.261198	-40.565310	35.364342	
7.065413	-58.840632	-40.640445	53.326611	
7.228945	-62.641762	-32.496752	66.069578	
7.395793	-54.917421	-15.819984	70.037555	
7.566024	-34.467456	8.136737	62.483445	
7.739707	-2.246020	36.444434	42.207163	
7.916911	38.906058	66.653365	10.162931	
8.097708	81.866001	86.262422	-30.808350	
8.282171	100.000000	93.300350	-73.583830	
8.470374	100.000000	86.175496	-91.529626	
8.662393	95.066609	62.858468	-91.337607	
8.858305	80.590763	37.662517	-86.208304	
9.058189	50.039887	-7.043470	-71.532573	
9.262127	4.811557	-45.902714	-40.777760	
9.470199	-38.627676	-44.494626	4.658642	
9.682490	-72.877359	-52.128191	48.310166	
9.899086	-91.581667	-47.075712	82.776444	
10.120073	-92.932693	-37.227999	101.701740	
10.345541	-77.345156	-18.857866	103.278233	
10.575580	-42.267643	22.334522	87.920736	
10.810283	8.038661	59.336101	53.077927	
11.049746	64.073115	85.836305	3.011085	
11.294063	100.000000	99.382731	-52.779052	
11.543335	100.000000	90.656435	-88.456665	
11.797660	97.673391	71.547742	-88.202340	
12.057142	88.049822	50.342900	-85.616249	
12.321886	63.845413	9.675160	-75.727937	
12.591997	24.052062	-30.377037	-51.253417	
12.867585	-18.661267	-38.411250	-11.184477	
13.148760	-56.379453	-49.404482	31.810028	
13.435637	-79.699496	-41.978669	69.815090	
13.728330	-85.659726	-33.322181	93.427826	
14.026958	-72.264591	-10.565215	99.686684	
14.331641	-39.173211	24.420247	86.596232	
14.642502	8.287184	56.540802	53.815713	
14.959665	61.820656	83.768058	6.672481	
15.283259	100.000000	96.880208	-46.537397	
15.613415	100.000000	90.099519	-84.386585	
15.950264	98.687504	74.928117	-84.049736	
16.293943	89.776597	51.359222	-82.393561	
16.644591	66.529970	12.716808	-73.132006	
17.002348	26.844401	-29.932096	-49.527622	
17.367359	-15.876734	-36.452795	-9.477042	
17.739771	-52.480617	-43.465264	33.616506	
18.119734	-73.691679	-34.234013	70.600351	
18.507401	-76.914362	-23.931800	92.199080	
18.902928	-60.678236	0.000000	95.817290	
0.000000	0.020275	0.067585	0.000000	
0.020276	0.040966	0.041794	0.000000	
0.040963	0.062050	0.058628	-0.000004	
0.062069	0.083655	0.076242	0.000018	
0.083603	0.105498	0.093063	-0.000052	
0.105574	0.128018	0.112132	0.000076	
0.127990	0.150941	0.129888	-0.000028	
0.150861	0.174109	0.148026	-0.000080	
0.174196	0.197933	0.168061	0.000087	
0.198003	0.222417	0.187759	0.000071	
0.222294	0.247158	0.206617	-0.000124	
0.247077	0.272219	0.226761	-0.000081	
0.272362	0.298041	0.248489	0.000144	
0.298160	0.324619	0.269860	0.000119	
0.324481	0.351517	0.290393	-0.000137	
0.351336	0.378650	0.311824	-0.000181	
0.378736	0.406452	0.335071	0.000086	
0.406691	0.435191	0.358815	0.000239	
0.435212	0.464561	0.381710	0.000021	
0.464312	0.494166	0.404440	-0.000249	
0.494002	0.524128	0.428603	-0.000164	
0.524294	0.554922	0.454378	0.000167	
0.555201	0.586723	0.480383	0.000279	
0.586733	0.619189	0.505665	0.000010	
0.618906	0.651942	0.530954	-0.000283	
0.651730	0.685085	0.557613	-0.000212	
0.685220	0.719071	0.585874	0.000135	
0.719389	0.754141	0.614644	0.000318	
0.754251	0.790054	0.642948	0.000110	
0.789820	0.826409	0.671109	-0.000234	
0.826110	0.863149	0.700278	-0.000299	
0.863136	0.900627	0.731050	-0.000014	
0.900912	0.939198	0.762842	0.000285	
0.939455	0.978836	0.794657	0.000257	
0.978778	1.019202	0.826237	-0.000058	
1.018900	1.060047	0.858296	-0.000302	
1.059834	1.101497	0.891682	-0.000213	
1.101599	1.143912	0.926477	0.000102	
1.144210	1.187509	0.961996	0.000298	
1.187686	1.232165	0.997577	0.000177	
1.232043	1.277583	1.033273	-0.000122	
1.277299	1.323626	1.069747	-0.000284	
1.323473	1.370460	1.107563	-0.000153	
1.370583	1.418384	1.146655	0.000124	
1.418649	1.467549	1.186465	0.000264	
1.467689	1.517835	1.226549	0.000140	
1.517723	1.569014	1.267008	-0.000112	
1.568772	1.620990	1.308351	-0.000242	
1.620855	1.673903	1.350988	-0.000135	
1.673995	1.727994	1.394878	0.000092	
1.728212	1.783393	1.439625	0.000219	
1.783529	1.840033	1.484898	0.000135	
1.839967	1.897742	1.530738	-0.000066	
1.897550	1.956437	1.577504	-0.000193	
1.956300	2.016205	1.625525	-0.000138	
2.016241	2.077233	1.674836	0.000036	
2.077397	2.139656	1.725192	0.000164	
2.139794	2.203462	1.776332	0.000138	
2.203455	2.268541	1.828226	-0.000006	
2.268408	2.334813	1.881092	-0.000133	
2.334677	2.402312	1.935198	-0.000135	
2.402290	2.471174	1.990649	-0.000022	
2.471274	2.541530	2.047332	0.000101	
2.541657	2.613422	2.105059	0.000127	
2.613467	2.686800	2.163748	0.000045	
2.686733	2.761597	2.223502	-0.000067	
2.761484	2.837813	2.284516	-0.000114	
2.837751	2.915529	2.346934	-0.000062	
2.915564	2.994860	2.410749	0.000035	
2.994955	3.075884	2.475854	0.000095	
3.075956	3.158605	2.542159	0.000072	
3.158599	3.242989	2.609681	-0.000006	
3.242917	3.329019	2.678539	-0.000072	
3.328946	3.416736	2.748871	-0.000074	
3.416718	3.506223	2.820743	-0.000017	
3.506271	3.597571	2.894127	0.000047	
3.597639	3.690826	2.968961	0.000068	
3.690859	3.785993	3.045221	0.000034	
3.785970	3.883065	3.122960	-0.000023	
3.883009	3.982058	3.202281	-0.000056	
3.982016	4.083028	3.283275	-0.000042	
4.083030	4.186052	3.365980	0.000002	
4.186092	4.291200	3.450379	0.000040	
4.291244	4.398514	3.536451	0.000044	
4.398528	4.508010	3.624209	0.000014	
4.507987	4.619704	3.713714	-0.000023	
4.619666	4.733632	3.805047	-0.000039	
4.733608	4.849854	3.898278	-0.000024	
4.849862	4.968442	3.993438	0.000008	
4.968472	5.089459	4.090531	0.000030	
5.089487	5.212949	4.189563	0.000028	
5.212956	5.338943	4.290566	0.000007	
5.338928	5.467475	4.393599	-0.000015	
5.467455	5.598591	4.498731	-0.000020	
5.598587	5.732355	4.606020	-0.000004	
5.732379	5.868833	4.715500	0.000024	
5.868883	6.008086	4.827190	0.000050	
6.008154	6.150160	4.941107	0.000069	
6.150250	6.295092	5.057283	0.000090	
6.295227	6.442916	5.175760	0.000134	
6.443143	6.593666	5.296577	0.000227	
6.594058	6.747378	5.419752	0.000392	
6.748033	6.904071	5.545273	0.000656	
6.905131	7.063738	5.673089	0.001060	
7.065413	7.226331	5.803115	0.001675	
7.228945	7.391747	5.935227	0.002614	
7.395793	7.559819	6.069239	0.004046	
7.566024	7.730300	6.204885	0.006205	
7.739707	7.902832	6.341785	0.009407	
7.916911	8.087098	6.513341	0.014078	
8.097708	8.209301	6.427561	0.010610	
8.282171	8.486281	7.172800	0.072870	
8.470374	8.603664	6.530268	-0.015907	
8.662393	8.667501	6.785347	0.058729	
8.858305	9.087790	8.138375	0.190804	
9.058189	9.014820	6.067050	-0.029600	
9.262127	9.174750	7.837800	0.247307	
9.470199	9.693606	8.664199	0.295449	
9.682490	9.345479	5.420013	-0.011116	
9.899086	9.459147	8.532821	0.553607	
10.120073	10.309011	10.091783	0.660925	
10.345541	9.853164	4.842835	0.036530	
10.575580	9.764795	8.491773	0.722416	
10.810283	10.712795	11.092307	1.045489	
11.049746	10.557773	5.956442	0.336951	
11.294063	10.703923	9.190520	0.736290	
11.543335	11.920304	12.231359	0.839412	
11.797660	12.072018	7.363940	-0.122643	
12.057142	12.723451	11.421270	-0.014876	
12.321886	14.745329	15.439961	-0.401565	
12.591997	15.755613	10.747779	-2.153332	
12.867585	17.350404	15.655385	-2.888028	
13.148760	20.330800	20.291843	-4.201643	
13.435637	21.977664	15.254324	-6.895162	
13.728330	23.721499	19.728443	-8.249333	
14.026958	26.600024	24.686787	-9.694540	
14.331641	27.604336	18.301496	-12.268383	
14.642502	27.298177	18.728033	-12.961834	
14.959665	25.900027	17.640942	-12.338512	
15.283259	21.372404	8.430168	-10.616768	
15.613415	14.226105	2.786910	-5.758990	
15.950264	4.046011	-7.406462	1.724159	
16.293943	-10.080793	-22.163202	12.247932	
16.644591	-27.359325	-35.452307	26.725384	
17.002348	-44.495092	-41.955150	44.361673	
17.367359	-57.798379	-43.073975	61.862452	
17.739771	-65.006981	-41.484237	75.538150	
18.119734	-64.828886	-35.580553	83.126715	
18.507401	-57.271107	-26.598657	83.336287	
18.902928	-38.808798	0.000000	76.174035	
0.000000	0.020276	0.067586	0.000000	
0.020276	0.040963	0.041781	0.000000	
0.040963	0.062069	0.058706	-0.000000	
0.062069	0.083604	0.075981	0.000000	
0.083603	0.105570	0.093579	-0.000001	
0.105574	0.127998	0.111618	0.000004	
0.127990	0.150851	0.129837	-0.000008	
0.150861	0.174200	0.148707	0.000010	
0.174196	0.198013	0.167713	-0.000004	
0.198003	0.222279	0.187112	-0.000010	
0.222294	0.247074	0.207160	0.000015	
0.247077	0.272385	0.227409	0.000003	
0.272362	0.298155	0.247916	-0.000022	
0.298160	0.324454	0.269129	0.000005	
0.324481	0.351347	0.290842	0.000028	
0.351336	0.378770	0.312668	-0.000010	
0.378736	0.406679	0.334903	-0.000034	
0.406691	0.435170	0.357939	0.000012	
0.435212	0.464320	0.381489	0.000043	
0.464312	0.494055	0.405150	-0.000007	
0.494002	0.524300	0.429184	-0.000052	
0.524294	0.555142	0.454068	-0.000006	
0.555201	0.586705	0.479661	0.000059	
0.586733	0.618961	0.505459	0.000028	
0.618906	0.651786	0.531459	-0.000056	
0.651730	0.685184	0.558189	-0.000056	
0.685220	0.719310	0.585873	0.000036	
0.719389	0.754248	0.614097	0.000080	
0.754251	0.789905	0.642464	0.000003	
0.789820	0.826163	0.671208	-0.000085	
0.826110	0.863075	0.700866	-0.000053	
0.863136	0.900818	0.731507	0.000060	
0.900912	0.939458	0.762659	0.000094	
0.939455	0.978880	0.793995	-0.000003	
0.978778	1.018965	0.825798	-0.000102	
1.018900	1.059774	0.858583	-0.000066	
1.059834	1.101487	0.892421	0.000061	
1.101599	1.144192	0.926874	0.000112	
1.144210	1.187788	0.961595	0.000019	
1.187686	1.232139	0.996786	-0.000102	
1.232043	1.277269	1.032942	-0.000096	
1.277299	1.323352	1.070245	0.000030	
1.323473	1.370517	1.108368	0.000121	
1.370583	1.418718	1.146913	0.000066	
1.418649	1.467812	1.185904	-0.000070	
1.467689	1.517755	1.225764	-0.000123	
1.517723	1.568675	1.266816	-0.000032	
1.568772	1.620742	1.308934	0.000096	
1.620855	1.673994	1.351730	0.000114	
1.673995	1.728324	1.395024	0.000001	
1.728212	1.783627	1.439056	-0.000111	
1.783529	1.839944	1.484213	-0.000098	
1.839967	1.897432	1.530619	0.000023	
1.897550	1.956217	1.578030	0.000117	
1.956300	2.016281	1.626145	0.000082	
2.016241	2.077514	1.674948	-0.000040	
2.077397	2.139862	1.724729	-0.000117	
2.139794	2.203405	1.775780	-0.000068	
2.203455	2.268296	1.828110	0.000050	
2.268408	2.334621	1.881480	0.000112	
2.334677	2.402345	1.935681	0.000057	
2.402290	2.471381	1.990774	-0.000055	
2.471274	2.541706	2.047023	-0.000106	
2.541657	2.613412	2.104645	-0.000049	
2.613467	2.686633	2.163614	0.000055	
2.686733	2.761440	2.223734	0.000099	
2.761484	2.837802	2.284862	0.000044	
2.837751	2.915656	2.347072	-0.000052	
2.915564	2.994997	2.410586	-0.000092	
2.994955	3.075910	2.475575	-0.000042	
3.075956	3.158514	2.542024	0.000046	
3.158599	3.242876	2.609785	0.000085	
3.242917	3.328984	2.678756	0.000042	
3.328946	3.416796	2.748997	-0.000038	
3.416718	3.506313	2.820684	-0.000078	
3.506271	3.597609	2.893965	-0.000042	
3.597639	3.690789	2.968852	0.000030	
3.690859	3.785926	3.045249	0.000070	
3.785970	3.883029	3.123075	0.000044	
3.883009	3.982077	3.202369	-0.000020	
3.982016	4.083074	3.283266	-0.000062	
4.083030	4.186081	3.365900	-0.000045	
4.186092	4.291191	3.450312	0.000011	
4.291244	4.398483	3.536452	0.000053	
4.398528	4.507989	3.624264	0.000045	
4.507987	4.619709	3.713763	-0.000002	
4.619666	4.733652	3.805048	-0.000043	
4.733608	4.849868	3.898240	-0.000044	
4.849862	4.968438	3.993404	-0.000006	
4.968472	5.089446	4.090534	0.000034	
5.089487	5.212943	4.189597	0.000041	
5.212956	5.338952	4.290596	0.000013	
5.338928	5.467493	4.393602	-0.000024	
5.467455	5.598606	4.498716	-0.000038	
5.598587	5.732364	4.606021	-0.000018	
5.732379	5.868850	4.715545	0.000015	
5.868883	6.008133	4.827285	0.000033	
6.008154	6.150256	4.941245	0.000022	
6.150250	6.295253	5.057471	-0.000006	
6.295227	6.443166	5.176047	-0.000027	
6.443143	6.594059	5.297061	-0.000023	
6.594058	6.748014	5.420569	-0.000001	
6.748033	6.905108	5.546596	0.000020	
6.905131	7.065406	5.675158	0.000023	
7.065413	7.228958	5.806291	0.000007	
7.228945	7.395814	5.940062	-0.000013	
7.395793	7.566035	6.076556	-0.000021	
7.566024	7.739700	6.215846	-0.000011	
7.739707	7.916894	6.357982	0.000006	
7.916911	8.097737	6.503142	0.000017	
8.097708	8.281701	6.649171	-0.000029	
8.282171	8.472637	6.811643	0.000469	
8.470374	8.656597	6.924933	-0.002264	
8.662393	8.865854	7.170027	0.005796	
8.858305	9.058053	7.225145	-0.007549	
9.058189	9.245704	7.398795	0.000136	
9.262127	9.496135	7.766581	0.016423	
9.470199	9.670681	7.578294	-0.025936	
9.682490	9.879609	7.993213	0.011809	
9.899086	10.161901	8.330098	0.019477	
10.120073	10.316906	7.973163	-0.041828	
10.345541	10.548243	8.622073	0.028634	
10.575580	10.888882	9.007029	0.027337	
10.810283	11.007464	8.303797	-0.078599	
11.049746	11.228283	9.212349	0.042282	
11.294063	11.641920	9.812087	0.065781	
11.543335	11.796770	8.866145	-0.098585	
11.797660	11.972968	9.612186	0.000891	
12.057142	12.381433	10.480596	0.084174	
12.321886	12.593602	9.654699	-0.059548	
12.591997	12.819123	10.286227	-0.001605	
12.867585	13.228526	11.049524	0.048461	
13.148760	13.405806	10.208175	-0.079765	
13.435637	13.646140	11.054136	0.029831	
13.728330	14.123937	11.901758	0.082191	
14.026958	14.336721	10.890700	-0.096979	
14.331641	14.558174	11.653701	-0.005080	
14.642502	15.040212	12.679446	0.084328	
14.959665	15.281996	11.704951	-0.080547	
15.283259	15.524641	12.412112	0.001264	
15.613415	16.003444	13.389886	0.088773	
15.950264	16.337018	12.781695	-0.053180	
16.293943	16.626355	13.208595	-0.043074	
16.644591	16.984919	13.763178	0.018236	
17.002348	17.337201	13.878903	0.017429	
17.367359	17.725984	14.293349	0.030158	
17.739771	18.182922	14.750975	0.013787	
18.119734	18.563394	14.713063	-0.063188	
18.507401	18.820782	14.767633	-0.055993	
18.902928	14.507871	0.000000	0.082146	
0.000000	0.020276	0.067586	0.000000	
0.020276	0.040963	0.041781	0.000000	
0.040963	0.062069	0.058707	-0.000000	
0.062069	0.083603	0.075977	0.000000	
0.083603	0.105574	0.093596	-0.000000	
0.105574	0.127991	0.111574	0.000000	
0.127990	0.150861	0.129912	-0.000000	
0.150861	0.174197	0.148636	0.000001	
0.174196	0.198002	0.167710	-0.000001	
0.198003	0.222294	0.187212	0.000001	
0.222294	0.247078	0.207075	-0.000001	
0.247077	0.272360	0.227341	-0.000001	
0.272362	0.298161	0.248058	0.000002	
0.298160	0.324485	0.269156	-0.000000	
0.324481	0.351334	0.290666	-0.000003	
0.351336	0.378732	0.312669	0.000002	
0.378736	0.406695	0.335105	0.000003	
0.406691	0.435215	0.357936	-0.000004	
0.435212	0.464306	0.381265	-0.000003	
0.464312	0.493999	0.405127	0.000006	
0.494002	0.524302	0.429421	0.000003	
0.524294	0.555204	0.454148	-0.000008	
0.555201	0.586724	0.479435	-0.000004	
0.586733	0.618900	0.505303	0.000010	
0.618906	0.651741	0.531634	0.000006	
0.651730	0.685229	0.558417	-0.000011	
0.685220	0.719379	0.585798	-0.000009	
0.719389	0.754237	0.613834	0.000011	
0.754251	0.789828	0.642403	0.000014	
0.789820	0.826129	0.671434	-0.000008	
0.826110	0.863134	0.701054	-0.000019	
0.863136	0.900890	0.731402	0.000002	
0.900912	0.939447	0.762411	0.000022	
0.939455	0.978800	0.793931	0.000007	
0.978778	1.018918	0.825994	-0.000022	
1.018900	1.059820	0.858786	-0.000019	
1.059834	1.101571	0.892383	0.000014	
1.101599	1.144211	0.926645	0.000028	
1.144210	1.187717	0.961450	-0.000000	
1.187686	1.232061	0.996896	-0.000031	
1.232043	1.277276	1.033181	-0.000018	
1.277299	1.323440	1.070338	0.000023	
1.323473	1.370587	1.108204	0.000034	
1.370583	1.418687	1.146671	-0.000003	
1.418649	1.467710	1.185862	-0.000038	
1.467689	1.517697	1.225980	-0.000022	
1.517723	1.568731	1.267054	0.000025	
1.568772	1.620854	1.308922	0.000040	
1.620855	1.674036	1.351468	0.000002	
1.673995	1.728244	1.394799	-0.000041	
1.728212	1.783510	1.439126	-0.000032	
1.783529	1.839920	1.484513	0.000019	
1.839967	1.897534	1.530818	0.000047	
1.897550	1.956336	1.577901	0.000016	
1.956300	2.016285	1.625822	-0.000036	
2.016241	2.077395	1.674785	-0.000045	
2.077397	2.139747	1.724910	0.000002	
2.139794	2.203420	1.776112	0.000047	
2.203455	2.268427	1.828234	0.000036	
2.268408	2.334729	1.881258	-0.000019	
2.334677	2.402314	1.935353	-0.000051	
2.402290	2.471243	1.990689	-0.000024	
2.471274	2.541607	2.047271	0.000032	
2.541657	2.613456	2.104960	0.000050	
2.613467	2.686773	2.163665	0.000011	
2.686733	2.761530	2.223473	-0.000041	
2.761484	2.837750	2.284566	-0.000046	
2.837751	2.915518	2.347046	0.000000	
2.915564	2.994915	2.410848	0.000046	
2.994955	3.075965	2.475849	0.000040	
3.075956	3.158647	2.542033	-0.000010	
3.158599	3.242951	2.609532	-0.000048	
3.242917	3.328929	2.678505	-0.000034	
3.328946	3.416670	2.748995	0.000017	
3.416718	3.506243	2.820920	0.000048	
3.506271	3.597660	2.894195	0.000028	
3.597639	3.690906	2.968853	-0.000021	
3.690859	3.785993	3.045034	-0.000047	
3.785970	3.882985	3.122866	-0.000023	
3.883009	3.981971	3.202364	0.000024	
3.982016	4.083011	3.283456	0.000044	
4.083030	4.186117	3.366090	0.000019	
4.186092	4.291286	3.450324	-0.000025	
4.291244	4.398544	3.536290	-0.000042	
4.398528	4.507962	3.624093	-0.000016	
4.507987	4.619626	3.713742	0.000025	
4.619666	4.733594	3.805183	0.000039	
4.733608	4.849885	3.898392	0.000014	
4.849862	4.968509	3.993433	-0.000024	
4.968472	5.089500	4.090425	-0.000037	
5.089487	5.212934	4.189462	-0.000013	
5.212956	5.338894	4.290560	0.000022	
5.338928	5.467442	4.393686	0.000034	
5.467455	5.598607	4.498832	0.000013	
5.598587	5.732410	4.606063	-0.000019	
5.732379	5.868896	4.715485	-0.000031	
5.868883	6.008138	4.827187	-0.000013	
6.008154	6.150221	4.941200	0.000016	
6.150250	6.295213	5.057512	0.000029	
6.295227	6.443156	5.176127	0.000014	
6.443143	6.594085	5.297105	-0.000013	
6.594058	6.748048	5.420544	-0.000026	
6.748033	6.905121	5.546532	-0.000014	
6.905131	7.065389	5.675115	0.000010	
7.065413	7.228930	5.806303	0.000024	
7.228945	7.395800	5.940111	0.000015	
7.395793	7.566045	6.076594	-0.000007	
7.566024	7.739722	6.215843	-0.000021	
7.739707	7.916907	6.357947	-0.000015	
7.916911	8.097690	6.502968	0.000003	
8.097708	8.282152	6.650923	0.000018	
8.282171	8.470400	6.801979	0.000019	
8.470374	8.662279	6.955289	-0.000027	
8.662393	8.858730	7.114952	0.000114	
8.858305	9.057346	7.268208	-0.000425	
9.058189	9.263067	7.444778	0.000843	
9.262127	9.470320	7.597871	-0.000941	
9.470199	9.680001	7.767054	-0.000121	
9.682490	9.903129	7.972983	0.002489	
9.899086	10.118170	8.094283	-0.004044	
10.120073	10.342045	8.311519	0.001903	
10.345541	10.582740	8.526279	0.003496	
10.575580	10.806223	8.623904	-0.007160	
10.810283	11.044817	8.888217	0.004060	
11.049746	11.306011	9.120532	0.004929	
11.294063	11.535907	9.175122	-0.011948	
11.543335	11.789025	9.501615	0.007428	
11.797660	12.075799	9.764990	0.008635	
12.057142	12.316823	9.768115	-0.018656	
12.321886	12.574036	10.110813	0.005062	
12.591997	12.885039	10.459556	0.017961	
12.867585	13.153941	10.451105	-0.017454	
13.148760	13.419628	10.743448	-0.005180	
13.435637	13.736045	11.130107	0.016009	
13.728330	14.026725	11.187020	-0.007715	
14.026958	14.324570	11.496328	0.000233	
14.331641	14.659751	11.841697	0.007071	
14.642502	14.952796	11.887400	-0.017250	
14.959665	15.262963	12.266758	0.006869	
15.283259	15.633807	12.678463	0.020297	
15.613415	15.957230	12.685034	-0.020393	
15.950264	16.276294	13.028159	-0.006966	
16.293943	16.651105	13.476304	0.017649	
16.644591	17.005936	13.588017	-0.006514	
17.002348	17.358662	13.905017	-0.003588	
17.367359	17.743473	14.296179	0.008697	
17.739771	18.127641	14.530753	-0.003702	
18.119734	18.504393	14.812065	-0.007907	
18.507401	18.897198	15.180169	0.003008	
18.902928	14.652773	0.000000	0.005731	
0.000000	0.020276	0.067586	0.000000	
0.020276	0.040963	0.041781	0.000000	
0.040963	0.062069	0.058707	-0.000000	
0.062069	0.083603	0.075977	0.000000	
0.083603	0.105574	0.093596	-0.000000	
0.105574	0.127990	0.111573	0.000000	
0.127990	0.150861	0.129915	-0.000000	
0.150861	0.174196	0.148629	0.000000	
0.174196	0.198003	0.167721	-0.000000	
0.198003	0.222294	0.187202	0.000000	
0.222294	0.247077	0.207074	-0.000000	
0.247077	0.272362	0.227356	0.000000	
0.272362	0.298161	0.248043	-0.000000	
0.298160	0.324481	0.269150	-0.000000	
0.324481	0.351336	0.290691	0.000000	
0.351336	0.378736	0.312662	-0.000000	
0.378736	0.406690	0.335077	-0.000000	
0.406691	0.435212	0.357956	0.000000	
0.435212	0.464313	0.381294	0.000000	
0.464312	0.494002	0.405096	-0.000001	
0.494002	0.524293	0.429392	-0.000000	
0.524294	0.555201	0.454186	0.000001	
0.555201	0.586735	0.479468	-0.000000	
0.586733	0.618905	0.505260	-0.000001	
0.618906	0.651728	0.531593	0.000001	
0.651730	0.685221	0.558460	0.000002	
0.685220	0.719391	0.585851	-0.000001	
0.719389	0.754250	0.613798	-0.000002	
0.754251	0.789817	0.642336	0.000001	
0.789820	0.826111	0.671452	0.000003	
0.826110	0.863139	0.701132	-0.000001	
0.863136	0.900912	0.731410	-0.000004	
0.900912	0.939450	0.762332	0.000001	
0.939455	0.978778	0.793890	0.000004	
0.978778	1.018905	0.826058	0.000000	
1.018900	1.059836	0.858859	-0.000005	
1.059834	1.101594	0.892354	-0.000002	
1.101599	1.144206	0.926556	0.000005	
1.144210	1.187690	0.961431	0.000004	
1.187686	1.232050	0.996974	-0.000004	
1.232043	1.277297	1.033246	-0.000007	
1.277299	1.323465	1.070299	0.000002	
1.323473	1.370581	1.108114	0.000008	
1.370583	1.418657	1.146651	0.000002	
1.418649	1.467695	1.185938	-0.000008	
1.467689	1.517717	1.226053	-0.000007	
1.517723	1.568761	1.267031	0.000006	
1.568772	1.620856	1.308831	0.000010	
1.620855	1.674007	1.351423	-0.000001	
1.673995	1.728219	1.394857	-0.000012	
1.728212	1.783520	1.439217	-0.000006	
1.783529	1.839955	1.484526	0.000009	
1.839967	1.897551	1.530736	0.000012	
1.897550	1.956314	1.577819	-0.000002	
1.956300	2.016248	1.625838	-0.000014	
2.016241	2.077387	1.674883	-0.000007	
2.077397	2.139779	1.724976	0.000010	
2.139794	2.203456	1.776066	0.000015	
2.203455	2.268424	1.828124	-0.000001	
2.268408	2.334688	1.881212	-0.000016	
2.334677	2.402281	1.935427	-0.000011	
2.402290	2.471256	1.990803	0.000009	
2.471274	2.541654	2.047293	0.000018	
2.541657	2.613483	2.104860	0.000003	
2.613467	2.686748	2.163554	-0.000016	
2.686733	2.761479	2.223478	-0.000016	
2.761484	2.837731	2.284686	0.000005	
2.837751	2.915554	2.347147	0.000020	
2.915564	2.994967	2.410815	0.000010	
2.994955	3.075976	2.475715	-0.000012	
3.075956	3.158602	2.541947	-0.000020	
3.158599	3.242900	2.609591	-0.000004	
3.242917	3.328928	2.678646	0.000018	
3.328946	3.416722	2.749063	0.000018	
3.416718	3.506292	2.820839	-0.000003	
3.506271	3.597653	2.894052	-0.000021	
3.597639	3.690850	2.968804	-0.000014	
3.690859	3.785948	3.045132	0.000009	
3.785970	3.883000	3.123005	0.000022	
3.883009	3.982030	3.202395	0.000009	
3.982016	4.083051	3.283346	-0.000014	
4.083030	4.186096	3.365958	-0.000021	
4.186092	4.291226	3.450308	-0.000004	
4.291244	4.398508	3.536405	0.000018	
4.398528	4.507987	3.624215	0.000019	
4.507987	4.619685	3.713745	-0.000000	
4.619666	4.733625	3.805066	-0.000020	
4.733608	4.849858	3.898279	-0.000017	
4.849862	4.968452	3.993439	0.000004	
4.968472	5.089473	4.090540	0.000020	
5.089487	5.212963	4.189566	0.000014	
5.212956	5.338949	4.290548	-0.000007	
5.338928	5.467467	4.393575	-0.000021	
5.467455	5.598578	4.498738	-0.000012	
5.598587	5.732359	4.606077	0.000009	
5.732379	5.868873	4.715588	0.000020	
5.868883	6.008165	4.827274	0.000009	
6.008154	6.150269	4.941186	-0.000011	
6.150250	6.295234	5.057416	-0.000019	
6.295227	6.443132	5.176048	-0.000008	
6.443143	6.594040	5.297118	0.000011	
6.594058	6.748027	5.420631	0.000018	
6.748033	6.905142	5.546605	0.000006	
6.905131	7.065430	5.675106	-0.000012	
7.065413	7.228950	5.806226	-0.000017	
7.228945	7.395782	5.940044	-0.000005	
7.395793	7.566009	6.076599	0.000011	
7.566024	7.739702	6.215910	0.000016	
7.739707	7.916922	6.358008	0.000004	
7.916911	8.097723	6.502967	-0.000011	
8.097708	8.282175	6.650877	-0.000015	
8.282171	8.470364	6.801821	-0.000004	
8.470374	8.662377	6.955837	0.000010	
8.662393	8.858309	7.113010	0.000015	
8.858305	9.058171	7.273136	-0.000004	
9.058189	9.262210	7.437165	0.000018	
9.262127	9.470080	7.602839	-0.000083	
9.470199	9.682600	7.775011	0.000119	
9.682490	9.899126	7.946980	-0.000110	
9.899086	10.119683	8.123581	-0.000040	
10.120073	10.346150	8.309593	0.000390	
10.345541	10.575306	8.485542	-0.000610	
10.575580	10.809717	8.679047	0.000273	
10.810283	11.050931	8.876416	0.000567	
11.049746	11.293397	9.057360	-0.001186	
11.294063	11.542437	9.268885	0.000666	
11.543335	11.799652	9.479610	0.000898	
11.797660	12.056003	9.663271	-0.001991	
12.057142	12.320534	9.895671	0.001139	
12.321886	12.595034	10.121232	0.001351	
12.591997	12.866281	10.306811	-0.003037	
12.867585	13.146000	10.557096	0.001304	
13.148760	13.439569	10.807016	0.002761	
13.435637	13.728538	10.994946	-0.003932	
13.728330	14.022756	11.251413	-0.000208	
14.026958	14.334019	11.530363	0.004203	
14.331641	14.644295	11.737544	-0.002378	
14.642502	14.957399	11.995139	-0.001793	
14.959665	15.284163	12.282942	0.002266	
15.283259	15.612601	12.518510	-0.000904	
15.613415	15.949008	12.801967	0.000814	
15.950264	16.298337	13.094820	0.001256	
16.293943	16.643469	13.330292	-0.004394	
16.644591	16.997147	13.641432	0.001122	
17.002348	17.370569	13.969494	0.005201	
17.367359	17.743063	14.220411	-0.003210	
17.739771	18.117121	14.523007	-0.003292	
18.119734	18.505938	14.865505	0.002613	
18.507401	18.903833	15.172624	0.001463	
18.902928	14.661088	0.000000	-0.000905	
