0.000000	0.000000	0.000000	0.000000	
0.020276	0.000000	0.000000	0.020276	
0.040963	0.000000	0.000000	0.040963	
0.062069	0.000000	0.000000	0.062069	
0.083603	0.000000	0.000000	0.083603	
0.105574	0.000000	0.000000	0.105574	
0.127990	0.000000	0.000000	0.127990	
0.150861	0.000000	0.000000	0.150861	
0.174196	0.000000	0.000000	0.174196	
0.198003	0.000000	0.000000	0.198003	
0.222294	0.000000	0.000000	0.222294	
0.247077	0.000000	0.000000	0.247077	
0.272362	0.000000	0.000000	0.272362	
0.298160	0.000000	0.000000	0.298160	
0.324481	0.000000	0.000000	0.324481	
0.351336	0.000000	0.000000	0.351336	
0.378736	0.000000	0.000000	0.378736	
0.406691	0.000000	0.000000	0.406691	
0.435212	0.000000	0.000000	0.435212	
0.464312	0.000000	0.000000	0.464312	
0.494002	0.000000	0.000000	0.494002	
0.524294	0.000000	0.000000	0.524294	
0.555201	0.000000	0.000000	0.555201	
0.586733	0.000000	0.000000	0.586733	
0.618906	0.000000	0.000000	0.618906	
0.651730	0.000000	0.000000	0.651730	
0.685220	0.000000	0.000000	0.685220	
0.719389	0.000000	0.000000	0.719389	
0.754251	0.000000	0.000000	0.754251	
0.789820	0.000000	0.000000	0.789820	
0.826110	0.000000	0.000000	0.826110	
0.863136	0.000000	0.000000	0.863136	
0.900912	0.000000	0.000000	0.900912	
0.939455	0.000000	0.000000	0.939455	
0.978778	0.000000	0.000000	0.978778	
1.018900	0.000000	0.000000	1.018900	
1.059834	0.000000	0.000000	1.059834	
1.101599	0.000000	0.000000	1.101599	
1.144210	0.000000	0.000000	1.144210	
1.187686	0.000000	0.000000	1.187686	
1.232043	0.000000	0.000000	1.232043	
1.277299	0.000000	0.000000	1.277299	
1.323473	0.000000	0.000000	1.323473	
1.370583	0.000000	0.000000	1.370583	
1.418649	0.000000	0.000000	1.418649	
1.467689	0.000000	0.000000	1.467689	
1.517723	0.000000	0.000000	1.517723	
1.568772	0.000000	0.000000	1.568772	
1.620855	0.000000	0.000000	1.620855	
1.673995	0.000000	0.000000	1.673995	
1.728212	0.000000	0.000000	1.728212	
1.783529	0.000000	0.000000	1.783529	
1.839967	0.000000	0.000000	1.839967	
1.897550	0.000000	0.000000	1.897550	
1.956300	0.000000	0.000000	1.956300	
2.016241	0.000000	0.000000	2.016241	
2.077397	0.000000	0.000000	2.077397	
2.139794	0.000000	0.000000	2.139794	
2.203455	0.000000	0.000000	2.203455	
2.268408	0.000000	0.000000	2.268408	
2.334677	0.000000	0.000000	2.334677	
2.402290	0.000000	0.000000	2.402290	
2.471274	0.000000	0.000000	2.471274	
2.541657	0.000000	0.000000	2.541657	
2.613467	0.000000	0.000000	2.613467	
2.686733	0.000000	0.000000	2.686733	
2.761484	0.000000	0.000000	2.761484	
2.837751	0.000000	0.000000	2.837751	
2.915564	0.000000	0.000000	2.915564	
2.994955	0.000000	0.000000	2.994955	
3.075956	0.000000	0.000000	3.075956	
3.158599	0.000000	0.000000	3.158599	
3.242917	0.000000	0.000000	3.242917	
3.328946	0.000000	0.000000	3.328946	
3.416718	0.000000	0.000000	3.416718	
3.506271	0.000000	0.000000	3.506271	
3.597639	0.000000	0.000000	3.597639	
3.690859	0.000000	0.000000	3.690859	
3.785970	0.000000	0.000000	3.785970	
3.883009	0.000000	0.000000	3.883009	
3.982016	0.000000	0.000000	3.982016	
4.083030	0.000000	0.000000	4.083030	
4.186092	0.000000	0.000000	4.186092	
4.291244	0.000000	0.000000	4.291244	
4.398528	0.000000	0.000000	4.398528	
4.507987	0.000000	0.000000	4.507987	
4.619666	0.000000	0.000000	4.619666	
4.733608	0.000000	0.000000	4.733608	
4.849862	0.000000	0.000000	4.849862	
4.968472	0.000000	0.000000	4.968472	
5.089487	0.000000	0.000000	5.089487	
5.212956	0.000000	0.000000	5.212956	
5.338928	0.000000	0.000000	5.338928	
5.467455	0.000000	0.000000	5.467455	
5.598587	0.000000	0.000000	5.598587	
5.732379	0.000000	0.000000	5.732379	
5.868883	0.000000	0.000000	5.868883	
6.008154	0.000000	0.000000	6.008154	
6.150250	0.000000	0.000000	6.150250	
6.295227	0.000000	0.000000	6.295227	
6.443143	0.000000	0.000000	6.443143	
6.594058	0.000000	0.000000	6.594058	
6.748033	0.000000	0.000000	6.748033	
6.905131	0.000000	0.000000	6.905131	
7.065413	0.000000	0.000000	7.065413	
7.228945	0.000000	0.000000	7.228945	
7.395793	0.000000	0.000000	7.395793	
7.566024	0.000000	0.000000	7.566024	
7.739707	0.000000	0.000000	7.739707	
7.916911	0.000000	0.000000	7.916911	
8.097708	0.000000	0.000000	8.097708	
8.282171	0.000000	0.000000	8.282171	
8.470374	0.000000	0.000000	8.470374	
8.662393	0.000000	0.000000	8.662393	
8.858305	0.000000	0.000000	8.858305	
9.058189	0.000000	0.000000	9.058189	
9.262127	0.000000	0.000000	9.262127	
9.470199	0.000000	0.000000	9.470199	
9.682490	0.000000	0.000000	9.682490	
9.899086	0.000000	0.000000	9.899086	
10.120073	0.000000	0.000000	10.120073	
10.345541	0.000000	0.000000	10.345541	
10.575580	0.000000	0.000000	10.575580	
10.810283	0.000000	0.000000	10.810283	
11.049746	0.000000	0.000000	11.049746	
11.294063	0.000000	0.000000	11.294063	
11.543335	0.000000	0.000000	11.543335	
11.797660	0.000000	0.000000	11.797660	
12.057142	0.000000	0.000000	12.057142	
12.321886	0.000000	0.000000	12.321886	
12.591997	0.000000	0.000000	12.591997	
12.867585	0.000000	0.000000	12.867585	
13.148760	0.000000	0.000000	13.148760	
13.435637	0.000000	0.000000	13.435637	
13.728330	0.000000	0.000000	13.728330	
14.026958	0.000000	0.000000	14.026958	
14.331641	0.000000	0.000000	14.331641	
14.642502	0.000000	0.000000	14.642502	
14.959665	0.000000	0.000000	14.959665	
15.283259	0.000000	0.000000	15.283259	
15.613415	0.000000	0.000000	15.613415	
15.950264	0.000000	0.000000	15.950264	
16.293943	0.000000	0.000000	16.293943	
16.644591	0.000000	0.000000	16.644591	
17.002348	0.000000	0.000000	17.002348	
17.367359	0.000000	0.000000	17.367359	
17.739771	0.000000	0.000000	17.739771	
18.119734	0.000000	0.000000	18.119734	
18.507401	0.000000	0.000000	18.507401	
18.902928	0.000000	0.000000	18.902928	
0.000000	0.013016	0.130160	-18.025845	
0.020276	0.033429	0.206731	0.007260	
0.040963	0.057560	0.248002	0.007534	
0.062069	0.083125	0.267155	0.004508	
0.083603	0.108811	0.273484	0.000478	
0.105574	0.133970	0.273354	-0.003237	
0.127990	0.158386	0.270958	-0.005979	
0.150861	0.182109	0.268909	-0.007525	
0.174196	0.205336	0.268689	-0.007914	
0.198003	0.228329	0.271000	-0.007333	
0.222294	0.251365	0.276023	-0.006036	
0.247077	0.274699	0.283612	-0.004288	
0.272362	0.298548	0.293435	-0.002337	
0.298160	0.323085	0.305071	-0.000388	
0.324481	0.348431	0.318078	0.001397	
0.351336	0.374666	0.332039	0.002906	
0.378736	0.401831	0.346584	0.004070	
0.406691	0.429935	0.361410	0.004859	
0.435212	0.458964	0.376277	0.005277	
0.464312	0.488887	0.391016	0.005348	
0.494002	0.519660	0.405513	0.005116	
0.524294	0.551238	0.419712	0.004634	
0.555201	0.583573	0.433597	0.003962	
0.586733	0.616621	0.447189	0.003160	
0.618906	0.650342	0.460533	0.002285	
0.651730	0.684704	0.473694	0.001389	
0.685220	0.719685	0.486748	0.000516	
0.719389	0.755269	0.499777	-0.000296	
0.754251	0.791450	0.512862	-0.001018	
0.789820	0.828229	0.526083	-0.001630	
0.826110	0.865616	0.539513	-0.002119	
0.863136	0.903625	0.553219	-0.002480	
0.900912	0.942279	0.567257	-0.002713	
0.939455	0.981601	0.581676	-0.002824	
0.978778	1.021620	0.596515	-0.002822	
1.018900	1.062368	0.611803	-0.002720	
1.059834	1.103877	0.627561	-0.002534	
1.101599	1.146180	0.643805	-0.002278	
1.144210	1.189310	0.660541	-0.001969	
1.187686	1.233301	0.677773	-0.001624	
1.232043	1.278185	0.695497	-0.001258	
1.277299	1.323992	0.713710	-0.000886	
1.323473	1.370753	0.732402	-0.000519	
1.370583	1.418494	0.751566	-0.000169	
1.418649	1.467244	0.771192	0.000154	
1.467689	1.517026	0.791269	0.000445	
1.517723	1.567864	0.811790	0.000697	
1.568772	1.619781	0.832745	0.000908	
1.620855	1.672799	0.854130	0.001074	
1.673995	1.726936	0.875938	0.001196	
1.728212	1.782214	0.898167	0.001276	
1.783529	1.838652	0.920817	0.001314	
1.839967	1.896268	0.943888	0.001315	
1.897550	1.955081	0.967384	0.001282	
1.956300	2.015110	0.991310	0.001219	
2.016241	2.076375	1.015673	0.001131	
2.077397	2.138896	1.040481	0.001022	
2.139794	2.202693	1.065745	0.000898	
2.203455	2.267786	1.091476	0.000763	
2.268408	2.334199	1.117687	0.000622	
2.334677	2.401954	1.144391	0.000478	
2.402290	2.471075	1.171602	0.000336	
2.471274	2.541588	1.199336	0.000199	
2.541657	2.613517	1.227608	0.000070	
2.613467	2.686890	1.256434	-0.000050	
2.686733	2.761735	1.285830	-0.000157	
2.761484	2.838081	1.315812	-0.000251	
2.837751	2.915959	1.346397	-0.000331	
2.915564	2.995400	1.377601	-0.000396	
2.994955	3.076436	1.409440	-0.000445	
3.075956	3.159101	1.441929	-0.000481	
3.158599	3.243427	1.475086	-0.000502	
3.242917	3.329451	1.508925	-0.000510	
3.328946	3.417208	1.543462	-0.000505	
3.416718	3.506735	1.578713	-0.000490	
3.506271	3.598070	1.614692	-0.000465	
3.597639	3.691250	1.651416	-0.000431	
3.690859	3.786315	1.688899	-0.000391	
3.785970	3.883304	1.727156	-0.000345	
3.883009	3.982258	1.766202	-0.000295	
3.982016	4.083219	1.806054	-0.000243	
4.083030	4.186227	1.846725	-0.000189	
4.186092	4.291325	1.888232	-0.000135	
4.291244	4.398558	1.930590	-0.000082	
4.398528	4.507968	1.973815	-0.000030	
4.507987	4.619601	2.017924	0.000019	
4.619666	4.733502	2.062931	0.000064	
4.733608	4.849718	2.108856	0.000106	
4.849862	4.968295	2.155714	0.000144	
4.968472	5.089281	2.203522	0.000177	
5.089487	5.212726	2.252300	0.000206	
5.212956	5.338678	2.302066	0.000230	
5.338928	5.467188	2.352837	0.000251	
5.467455	5.598308	2.404634	0.000267	
5.598587	5.732089	2.457476	0.000280	
5.732379	5.868586	2.511383	0.000290	
5.868883	6.007851	2.566375	0.000297	
6.008154	6.149942	2.622475	0.000303	
6.150250	6.294913	2.679702	0.000308	
6.295227	6.442823	2.738079	0.000314	
6.443143	6.593729	2.797627	0.000320	
6.594058	6.747691	2.858369	0.000329	
6.748033	6.904770	2.920328	0.000342	
6.905131	7.065028	2.983526	0.000360	
7.065413	7.228526	3.047987	0.000386	
7.228945	7.395328	3.113732	0.000420	
7.395793	7.565500	3.180786	0.000465	
7.566024	7.739107	3.249171	0.000524	
7.739707	7.916216	3.318910	0.000599	
7.916911	8.096894	3.390024	0.000695	
8.097708	8.281210	3.462537	0.000814	
8.282171	8.469233	3.536468	0.000961	
8.470374	8.661032	3.611838	0.001141	
8.662393	8.856678	3.688667	0.001361	
8.858305	9.056241	3.766971	0.001627	
9.058189	9.259793	3.846768	0.001948	
9.262127	9.467405	3.928072	0.002333	
9.470199	9.679146	4.010893	0.002794	
9.682490	9.895087	4.095241	0.003344	
9.899086	10.115298	4.181122	0.003998	
10.120073	10.339845	4.268538	0.004775	
10.345541	10.568797	4.357484	0.005695	
10.575580	10.802216	4.447954	0.006783	
10.810283	11.040165	4.539933	0.008067	
11.049746	11.282702	4.633399	0.009580	
11.294063	11.529880	4.728322	0.011361	
11.543335	11.781749	4.824664	0.013454	
11.797660	12.038351	4.922372	0.015911	
12.057142	12.299723	5.021385	0.018791	
12.321886	12.565891	5.121625	0.022163	
12.591997	13.031778	7.172050	0.026106	
12.867585	13.626691	8.555483	-0.164193	
13.148760	14.230969	8.768120	-0.477930	
13.435637	14.774092	8.277426	-0.795332	
13.728330	15.220868	7.422574	-1.045762	
14.026958	15.693774	7.773234	-1.193909	
14.331641	16.127593	7.476946	-1.362133	
14.642502	16.496000	6.909587	-1.485091	
14.959665	16.788922	6.228420	-1.536335	
15.283259	17.007581	5.544377	-1.505662	
15.613415	17.160607	4.931772	-1.394166	
15.950264	17.357217	5.398228	-1.210343	
16.293943	17.694453	6.843800	-1.063274	
16.644591	17.989925	6.493608	-1.049862	
17.002348	18.244102	6.139762	-0.987576	
17.367359	18.529547	6.503269	-0.876743	
17.739771	18.830371	6.714150	-0.789776	
18.119734	19.120769	6.670048	-0.710637	
18.507401	19.385876	6.475230	-0.613368	
18.902928	18.998159	0.000000	-0.482948	
0.000000	0.017533	0.175331	-17.621470	
0.020276	0.040657	0.234750	0.002743	
0.040963	0.064238	0.243940	0.000305	
0.062069	0.086696	0.237429	-0.002169	
0.083603	0.108093	0.231304	-0.003093	
0.105574	0.129068	0.231370	-0.002519	
0.127990	0.150307	0.238199	-0.001078	
0.150861	0.172313	0.250128	0.000555	
0.174196	0.195359	0.264922	0.001882	
0.198003	0.219511	0.280589	0.002644	
0.222294	0.244692	0.295712	0.002783	
0.247077	0.270747	0.309490	0.002385	
0.272362	0.297497	0.321647	0.001615	
0.298160	0.324776	0.332292	0.000663	
0.324481	0.352457	0.341765	-0.000295	
0.351336	0.380460	0.350516	-0.001121	
0.378736	0.408751	0.359008	-0.001724	
0.406691	0.437341	0.367652	-0.002061	
0.435212	0.466272	0.376772	-0.002129	
0.464312	0.495605	0.386589	-0.001959	
0.494002	0.525416	0.397228	-0.001603	
0.524294	0.555780	0.408726	-0.001122	
0.555201	0.586770	0.421051	-0.000580	
0.586733	0.618447	0.434123	-0.000036	
0.618906	0.650861	0.447833	0.000459	
0.651730	0.684050	0.462061	0.000869	
0.685220	0.718038	0.476688	0.001170	
0.719389	0.752838	0.491607	0.001352	
0.754251	0.788454	0.506730	0.001414	
0.789820	0.824884	0.521992	0.001366	
0.826110	0.862122	0.537353	0.001226	
0.863136	0.900158	0.552791	0.001014	
0.900912	0.938986	0.568308	0.000754	
0.939455	0.978598	0.583922	0.000469	
0.978778	1.018993	0.599662	0.000180	
1.018900	1.060169	0.615566	-0.000093	
1.059834	1.102134	0.631679	-0.000335	
1.101599	1.144896	0.648047	-0.000535	
1.144210	1.188469	0.664713	-0.000685	
1.187686	1.232872	0.681719	-0.000783	
1.232043	1.278125	0.699103	-0.000829	
1.277299	1.324252	0.716895	-0.000825	
1.323473	1.371279	0.735121	-0.000778	
1.370583	1.419233	0.753800	-0.000695	
1.418649	1.468143	0.772945	-0.000584	
1.467689	1.518037	0.792566	-0.000454	
1.517723	1.568943	0.812666	-0.000314	
1.568772	1.620889	0.833247	-0.000171	
1.620855	1.673901	0.854307	-0.000033	
1.673995	1.728008	0.875842	0.000094	
1.728212	1.783232	0.897850	0.000205	
1.783529	1.839600	0.920325	0.000297	
1.839967	1.897135	0.943266	0.000367	
1.897550	1.955859	0.966670	0.000415	
1.956300	2.015796	0.990537	0.000440	
2.016241	2.076967	1.014869	0.000445	
2.077397	2.139394	1.039667	0.000430	
2.139794	2.203100	1.064939	0.000400	
2.203455	2.268107	1.090691	0.000355	
2.268408	2.334438	1.116932	0.000301	
2.334677	2.402117	1.143673	0.000239	
2.402290	2.471167	1.170926	0.000174	
2.471274	2.541614	1.198705	0.000107	
2.541657	2.613484	1.227023	0.000043	
2.613467	2.686804	1.255897	-0.000018	
2.686733	2.761602	1.285341	-0.000072	
2.761484	2.837908	1.315373	-0.000119	
2.837751	2.915750	1.346007	-0.000157	
2.915564	2.995161	1.377260	-0.000186	
2.994955	3.076173	1.409149	-0.000206	
3.075956	3.158818	1.441690	-0.000217	
3.158599	3.243132	1.474898	-0.000220	
3.242917	3.329148	1.508788	-0.000214	
3.328946	3.416903	1.543377	-0.000202	
3.416718	3.506433	1.578678	-0.000184	
3.506271	3.597775	1.614708	-0.000162	
3.597639	3.690967	1.651480	-0.000136	
3.690859	3.786049	1.689009	-0.000108	
3.785970	3.883059	1.727310	-0.000079	
3.883009	3.982037	1.766397	-0.000050	
3.982016	4.083025	1.806285	-0.000022	
4.083030	4.186064	1.846988	0.000005	
4.186092	4.291194	1.888522	0.000028	
4.291244	4.398461	1.930902	0.000049	
4.398528	4.507906	1.974144	0.000067	
4.507987	4.619574	2.018263	0.000081	
4.619666	4.733510	2.063277	0.000091	
4.733608	4.849760	2.109202	0.000098	
4.849862	4.968371	2.156056	0.000101	
4.968472	5.089389	2.203857	0.000101	
5.089487	5.212864	2.252623	0.000098	
5.212956	5.338844	2.302374	0.000093	
5.338928	5.467380	2.353129	0.000085	
5.467455	5.598523	2.404909	0.000075	
5.598587	5.732326	2.457735	0.000064	
5.732379	5.868842	2.511627	0.000053	
5.868883	6.008126	2.566608	0.000040	
6.008154	6.150234	2.622701	0.000028	
6.150250	6.295222	2.679927	0.000016	
6.295227	6.443149	2.738312	0.000005	
6.443143	6.594073	2.797878	-0.000006	
6.594058	6.748057	2.858650	-0.000015	
6.748033	6.905161	2.920653	-0.000023	
6.905131	7.065449	2.983912	-0.000030	
7.065413	7.228985	3.048454	-0.000036	
7.228945	7.395836	3.114305	-0.000040	
7.395793	7.566069	3.181491	-0.000043	
7.566024	7.739751	3.250040	-0.000044	
7.739707	7.916954	3.319981	-0.000044	
7.916911	8.097749	3.391341	-0.000043	
8.097708	8.282209	3.464149	-0.000041	
8.282171	8.470409	3.538435	-0.000038	
8.470374	8.662423	3.614229	-0.000035	
8.662393	8.858331	3.691561	-0.000031	
8.858305	9.058211	3.770463	-0.000026	
9.058189	9.262143	3.850966	-0.000021	
9.262127	9.470210	3.933102	-0.000016	
9.470199	9.682497	4.016905	-0.000011	
9.682490	9.899088	4.102409	-0.000006	
9.899086	10.120070	4.189647	-0.000002	
10.120073	10.345534	4.278654	0.000002	
10.345541	10.575570	4.369467	0.000006	
10.575580	10.810271	4.462121	0.000009	
10.810283	11.049731	4.556654	0.000012	
11.049746	11.294047	4.653105	0.000015	
11.294063	11.543317	4.751510	0.000016	
11.543335	11.797642	4.851911	0.000018	
11.797660	12.057124	4.954347	0.000018	
12.057142	12.321867	5.058860	0.000019	
12.321886	12.591979	5.165492	0.000018	
12.591997	12.941200	6.010604	0.000018	
12.867585	13.274712	5.923357	-0.073615	
13.148760	13.538995	5.297776	-0.125951	
13.435637	13.750342	4.821273	-0.103358	
13.728330	13.946485	4.711495	-0.022012	
14.026958	14.212784	5.452290	0.080473	
14.331641	14.498692	5.701635	0.118857	
14.642502	14.799487	5.907689	0.143810	
14.959665	15.120148	6.166503	0.160178	
15.283259	15.465688	6.479436	0.163112	
15.613415	15.837446	6.810710	0.147726	
15.950264	16.268942	7.482452	0.112818	
16.293943	16.751533	8.079697	0.025001	
16.644591	17.157939	7.414369	-0.106942	
17.002348	17.525116	7.103354	-0.155591	
17.367359	17.904035	7.294219	-0.157756	
17.739771	18.277836	7.318813	-0.164264	
18.119734	18.638374	7.260951	-0.158102	
18.507401	18.991986	7.263797	-0.130973	
18.902928	18.612147	0.000000	-0.089058	
0.000000	0.019240	0.192396	-17.476302	
0.020276	0.041807	0.229525	0.001036	
0.040963	0.063462	0.224909	-0.000845	
0.062069	0.084221	0.220277	-0.001393	
0.083603	0.105065	0.225292	-0.000617	
0.105574	0.126743	0.237793	0.000509	
0.127990	0.149521	0.253128	0.001247	
0.150861	0.173303	0.267725	0.001340	
0.174196	0.197827	0.279896	0.000892	
0.198003	0.222820	0.289498	0.000177	
0.222294	0.248092	0.297279	-0.000526	
0.247077	0.273560	0.304299	-0.001015	
0.272362	0.299241	0.311528	-0.001197	
0.298160	0.325221	0.319649	-0.001081	
0.324481	0.351617	0.329001	-0.000740	
0.351336	0.378547	0.339624	-0.000281	
0.378736	0.406111	0.351345	0.000189	
0.406691	0.434376	0.363874	0.000580	
0.435212	0.463377	0.376890	0.000837	
0.464312	0.493120	0.390106	0.000935	
0.494002	0.523588	0.403303	0.000882	
0.524294	0.554752	0.416352	0.000706	
0.555201	0.586577	0.429206	0.000449	
0.586733	0.619035	0.441889	0.000156	
0.618906	0.652102	0.454480	-0.000129	
0.651730	0.685768	0.467084	-0.000372	
0.685220	0.720035	0.479820	-0.000548	
0.719389	0.754914	0.492801	-0.000645	
0.754251	0.790428	0.506125	-0.000663	
0.789820	0.826606	0.519865	-0.000609	
0.826110	0.863481	0.534067	-0.000496	
0.863136	0.901087	0.548755	-0.000345	
0.900912	0.939458	0.563930	-0.000175	
0.939455	0.978626	0.579574	-0.000004	
0.978778	1.018620	0.595661	0.000152	
1.018900	1.059463	0.612155	0.000280	
1.059834	1.101176	0.629023	0.000371	
1.101599	1.143776	0.646231	0.000423	
1.144210	1.187275	0.663752	0.000435	
1.187686	1.231687	0.681569	0.000411	
1.232043	1.277020	0.699669	0.000356	
1.277299	1.323285	0.718052	0.000279	
1.323473	1.370491	0.736723	0.000188	
1.370583	1.418651	0.755694	0.000092	
1.418649	1.467776	0.774983	-0.000002	
1.467689	1.517882	0.794612	-0.000088	
1.517723	1.568985	0.814604	-0.000159	
1.568772	1.621103	0.834983	-0.000213	
1.620855	1.674258	0.855772	-0.000248	
1.673995	1.728473	0.876993	-0.000263	
1.728212	1.783770	0.898667	-0.000260	
1.783529	1.840175	0.920809	-0.000241	
1.839967	1.897715	0.943435	-0.000208	
1.897550	1.956417	0.966557	-0.000166	
1.956300	2.016307	0.990184	-0.000117	
2.016241	2.077413	1.014323	-0.000066	
2.077397	2.139763	1.038981	-0.000016	
2.139794	2.203384	1.064162	0.000031	
2.203455	2.268303	1.089871	0.000072	
2.268408	2.334548	1.116113	0.000105	
2.334677	2.402147	1.142890	0.000129	
2.402290	2.471125	1.170210	0.000144	
2.471274	2.541510	1.198077	0.000150	
2.541657	2.613330	1.226499	0.000147	
2.613467	2.686611	1.255485	0.000137	
2.686733	2.761384	1.285044	0.000121	
2.761484	2.837675	1.315186	0.000100	
2.837751	2.915513	1.345924	0.000076	
2.915564	2.994930	1.377271	0.000050	
2.994955	3.075956	1.409240	0.000025	
3.075956	3.158621	1.441846	-0.000000	
3.158599	3.242959	1.475105	-0.000023	
3.242917	3.329003	1.509032	-0.000042	
3.328946	3.416788	1.543643	-0.000058	
3.416718	3.506347	1.578954	-0.000069	
3.506271	3.597719	1.614982	-0.000077	
3.597639	3.690938	1.651743	-0.000080	
3.690859	3.786045	1.689254	-0.000079	
3.785970	3.883077	1.727530	-0.000075	
3.883009	3.982074	1.766589	-0.000068	
3.982016	4.083078	1.806445	-0.000059	
4.083030	4.186128	1.847117	-0.000048	
4.186092	4.291267	1.888619	-0.000036	
4.291244	4.398539	1.930969	-0.000023	
4.398528	4.507986	1.974182	-0.000011	
4.507987	4.619654	2.018276	0.000001	
4.619666	4.733588	2.063268	0.000012	
4.733608	4.849833	2.109174	0.000021	
4.849862	4.968438	2.156012	0.000028	
4.968472	5.089449	2.203801	0.000034	
5.089487	5.212916	2.252558	0.000038	
5.212956	5.338888	2.302303	0.000040	
5.338928	5.467416	2.353055	0.000040	
5.467455	5.598551	2.404835	0.000039	
5.598587	5.732346	2.457661	0.000037	
5.732379	5.868855	2.511556	0.000033	
5.868883	6.008132	2.566542	0.000028	
6.008154	6.150233	2.622639	0.000023	
6.150250	6.295216	2.679872	0.000017	
6.295227	6.443138	2.738262	0.000011	
6.443143	6.594058	2.797835	0.000005	
6.594058	6.748038	2.858613	-0.000000	
6.748033	6.905140	2.920623	-0.000005	
6.905131	7.065426	2.983889	-0.000009	
7.065413	7.228961	3.048437	-0.000013	
7.228945	7.395811	3.114293	-0.000016	
7.395793	7.566043	3.181485	-0.000018	
7.566024	7.739726	3.250039	-0.000019	
7.739707	7.916930	3.319984	-0.000020	
7.916911	8.097727	3.391348	-0.000019	
8.097708	8.282188	3.464160	-0.000018	
8.282171	8.470389	3.538449	-0.000017	
8.470374	8.662406	3.614245	-0.000015	
8.662393	8.858316	3.691579	-0.000013	
8.858305	9.058197	3.770482	-0.000011	
9.058189	9.262132	3.850987	-0.000008	
9.262127	9.470202	3.933124	-0.000005	
9.470199	9.682491	4.016927	-0.000003	
9.682490	9.899084	4.102431	-0.000000	
9.899086	10.120069	4.189668	0.000002	
10.120073	10.345535	4.278675	0.000004	
10.345541	10.575573	4.369487	0.000005	
10.575580	10.810276	4.462140	0.000007	
10.810283	11.049737	4.556671	0.000008	
11.049746	11.294054	4.653120	0.000009	
11.294063	11.543326	4.751524	0.000009	
11.543335	11.797651	4.851922	0.000009	
11.797660	12.057134	4.954356	0.000009	
12.057142	12.321878	5.058867	0.000008	
12.321886	12.591990	5.165496	0.000008	
12.591997	12.895396	5.552456	0.000007	
12.867585	13.170571	5.330834	-0.027811	
13.148760	13.418062	5.109020	-0.021811	
13.435637	13.674830	5.251290	0.017575	
13.728330	13.964767	5.634335	0.053501	
14.026958	14.309651	6.241801	0.062192	
14.331641	14.652833	6.293748	0.021990	
14.642502	14.990285	6.305087	-0.010332	
14.959665	15.325684	6.352047	-0.030620	
15.283259	15.661476	6.423057	-0.042425	
15.613415	15.997958	6.497108	-0.048062	
15.950264	16.348434	6.704357	-0.047694	
16.293943	16.699401	6.779355	-0.054491	
16.644591	17.001894	6.364806	-0.054810	
17.002348	17.315748	6.538928	0.000455	
17.367359	17.671293	7.018600	0.051611	
17.739771	18.047872	7.300048	0.068478	
18.119734	18.438728	7.518134	0.071862	
18.507401	18.845819	7.758655	0.068673	
18.902928	18.468903	0.000000	0.057109	
0.000000	0.019884	0.198843	-17.560413	
0.020276	0.041644	0.221577	0.000391	
0.040963	0.062476	0.216644	-0.000682	
0.062069	0.083264	0.220376	-0.000407	
0.083603	0.104871	0.232720	0.000339	
0.105574	0.127476	0.247022	0.000703	
0.127990	0.150834	0.259080	0.000515	
0.150861	0.174625	0.268073	0.000027	
0.174196	0.198646	0.275142	-0.000429	
0.198003	0.222865	0.281913	-0.000643	
0.222294	0.247369	0.289619	-0.000571	
0.247077	0.272303	0.298812	-0.000293	
0.272362	0.297801	0.309440	0.000059	
0.298160	0.323954	0.321090	0.000359	
0.324481	0.350799	0.333235	0.000527	
0.351336	0.378324	0.345413	0.000538	
0.378736	0.406490	0.357330	0.000412	
0.406691	0.435249	0.368881	0.000200	
0.435212	0.464555	0.380117	-0.000036	
0.464312	0.494384	0.391197	-0.000243	
0.494002	0.524729	0.402324	-0.000382	
0.524294	0.555603	0.413692	-0.000434	
0.555201	0.587037	0.425460	-0.000403	
0.586733	0.619069	0.437723	-0.000304	
0.618906	0.651740	0.450521	-0.000163	
0.651730	0.685089	0.463839	-0.000009	
0.685220	0.719150	0.477627	0.000131	
0.719389	0.753948	0.491813	0.000240	
0.754251	0.789501	0.506322	0.000303	
0.789820	0.825820	0.521089	0.000319	
0.826110	0.862910	0.536062	0.000290	
0.863136	0.900773	0.551214	0.000226	
0.900912	0.939411	0.566537	0.000139	
0.939455	0.978827	0.582042	0.000043	
0.978778	1.019026	0.597757	-0.000049	
1.018900	1.060017	0.613716	-0.000127	
1.059834	1.101813	0.629960	-0.000183	
1.101599	1.144430	0.646528	-0.000214	
1.144210	1.187887	0.663457	-0.000219	
1.187686	1.232206	0.680774	-0.000201	
1.232043	1.277412	0.698503	-0.000163	
1.277299	1.323530	0.716655	-0.000113	
1.323473	1.370583	0.735239	-0.000057	
1.370583	1.418597	0.754254	0.000000	
1.418649	1.467595	0.773698	0.000052	
1.467689	1.517599	0.793564	0.000094	
1.517723	1.568632	0.813846	0.000124	
1.568772	1.620713	0.834539	0.000140	
1.620855	1.673863	0.855639	0.000142	
1.673995	1.728100	0.877145	0.000133	
1.728212	1.783444	0.899059	0.000113	
1.783529	1.839914	0.921387	0.000085	
1.839967	1.897529	0.944138	0.000053	
1.897550	1.956311	0.967322	0.000020	
1.956300	2.016280	0.990953	-0.000011	
2.016241	2.077459	1.015045	-0.000039	
2.077397	2.139871	1.039615	-0.000062	
2.139794	2.203541	1.064678	-0.000077	
2.203455	2.268496	1.090250	-0.000086	
2.268408	2.334760	1.116347	-0.000088	
2.334677	2.402363	1.142983	-0.000083	
2.402290	2.471333	1.170171	-0.000073	
2.471274	2.541699	1.197925	-0.000059	
2.541657	2.613491	1.226256	-0.000042	
2.613467	2.686738	1.255175	-0.000024	
2.686733	2.761473	1.284692	-0.000006	
2.761484	2.837725	1.314818	0.000011	
2.837751	2.915527	1.345561	0.000026	
2.915564	2.994910	1.376933	0.000037	
2.994955	3.075906	1.408942	0.000045	
3.075956	3.158547	1.441599	0.000050	
3.158599	3.242868	1.474916	0.000051	
3.242917	3.328901	1.508904	0.000049	
3.328946	3.416681	1.543576	0.000045	
3.416718	3.506242	1.578944	0.000038	
3.506271	3.597619	1.615023	0.000029	
3.597639	3.690849	1.651826	0.000020	
3.690859	3.785969	1.689371	0.000010	
3.785970	3.883017	1.727671	0.000001	
3.883009	3.982031	1.766744	-0.000008	
3.982016	4.083051	1.806606	-0.000015	
4.083030	4.186117	1.847274	-0.000021	
4.186092	4.291272	1.888767	-0.000025	
4.291244	4.398556	1.931101	-0.000028	
4.398528	4.508015	1.974295	-0.000029	
4.507987	4.619691	2.018367	-0.000028	
4.619666	4.733631	2.063334	-0.000026	
4.733608	4.849880	2.109217	-0.000022	
4.849862	4.968485	2.156032	-0.000018	
4.968472	5.089496	2.203800	-0.000013	
5.089487	5.212960	2.252539	-0.000009	
5.212956	5.338927	2.302269	-0.000004	
5.338928	5.467450	2.353009	0.000001	
5.467455	5.598579	2.404779	0.000005	
5.598587	5.732367	2.457600	0.000009	
5.732379	5.868869	2.511493	0.000012	
5.868883	6.008140	2.566479	0.000014	
6.008154	6.150235	2.622580	0.000015	
6.150250	6.295212	2.679817	0.000015	
6.295227	6.443129	2.738214	0.000015	
6.443143	6.594046	2.797794	0.000014	
6.594058	6.748023	2.858581	0.000012	
6.748033	6.905122	2.920599	0.000010	
6.905131	7.065407	2.983873	0.000008	
7.065413	7.228942	3.048429	0.000006	
7.228945	7.395792	3.114292	0.000003	
7.395793	7.566026	3.181491	0.000001	
7.566024	7.739710	3.250050	-0.000001	
7.739707	7.916916	3.319999	-0.000003	
7.916911	8.097714	3.391367	-0.000005	
8.097708	8.282178	3.464180	-0.000006	
8.282171	8.470381	3.538471	-0.000007	
8.470374	8.662401	3.614267	-0.000008	
8.662393	8.858313	3.691601	-0.000008	
8.858305	9.058197	3.770503	-0.000008	
9.058189	9.262133	3.851005	-0.000007	
9.262127	9.470205	3.933141	-0.000006	
9.470199	9.682495	4.016942	-0.000006	
9.682490	9.899089	4.102442	-0.000005	
9.899086	10.120075	4.189677	-0.000003	
10.120073	10.345542	4.278681	-0.000002	
10.345541	10.575580	4.369491	-0.000001	
10.575580	10.810282	4.462141	0.000000	
10.810283	11.049744	4.556671	0.000001	
11.049746	11.294061	4.653118	0.000002	
11.294063	11.543332	4.751520	0.000003	
11.543335	11.797657	4.851917	0.000003	
11.797660	12.057139	4.954350	0.000004	
12.057142	12.321882	5.058860	0.000004	
12.321886	12.591993	5.165489	0.000004	
12.591997	12.878090	5.379368	0.000004	
12.867585	13.147262	5.267342	-0.010505	
13.148760	13.416625	5.323082	0.001498	
13.435637	13.708969	5.606766	0.019012	
13.728330	14.024195	5.894054	0.019361	
14.026958	14.356623	6.129116	0.002763	
14.331641	14.670093	6.006027	-0.024982	
14.642502	14.976438	5.997468	-0.027592	
14.959665	15.286739	6.098299	-0.016773	
15.283259	15.606088	6.250833	-0.003480	
15.613415	15.935752	6.417855	0.007327	
15.950264	16.280882	6.638452	0.014512	
16.293943	16.631367	6.761023	0.013061	
16.644591	16.970595	6.718553	0.013224	
17.002348	17.339220	7.080372	0.031754	
17.367359	17.736403	7.439679	0.028139	
17.739771	18.136311	7.546354	0.003368	
18.119734	18.534415	7.608308	-0.016577	
18.507401	18.933824	7.700970	-0.027014	
18.902928	18.555147	0.000000	-0.030896	
0.000000	0.020128	0.201279	-17.524585	
0.020276	0.041357	0.216319	0.000148	
0.040963	0.062051	0.215206	-0.000395	
0.062069	0.083239	0.224292	0.000018	
0.083603	0.105315	0.237412	0.000364	
0.105574	0.128066	0.248569	0.000259	
0.127990	0.151181	0.256769	-0.000076	
0.150861	0.174526	0.263682	-0.000320	
0.174196	0.198151	0.271157	-0.000330	
0.198003	0.222200	0.280117	-0.000148	
0.222294	0.246808	0.290516	0.000094	
0.247077	0.272048	0.301769	0.000269	
0.272362	0.297928	0.313209	0.000314	
0.298160	0.324407	0.324376	0.000232	
0.324481	0.351430	0.335110	0.000074	
0.351336	0.378952	0.345509	-0.000094	
0.378736	0.406955	0.355816	-0.000217	
0.406691	0.435446	0.366306	-0.000264	
0.435212	0.464457	0.377200	-0.000234	
0.464312	0.494031	0.388623	-0.000145	
0.494002	0.524210	0.400599	-0.000028	
0.524294	0.555033	0.413073	0.000084	
0.555201	0.586527	0.425944	0.000167	
0.586733	0.618707	0.439102	0.000207	
0.618906	0.651578	0.452451	0.000199	
0.651730	0.685139	0.465930	0.000153	
0.685220	0.719388	0.479517	0.000081	
0.719389	0.754322	0.493223	0.000001	
0.754251	0.789945	0.507088	-0.000071	
0.789820	0.826263	0.521167	-0.000125	
0.826110	0.863289	0.535516	-0.000153	
0.863136	0.901042	0.550188	-0.000153	
0.900912	0.939543	0.565223	-0.000130	
0.939455	0.978817	0.580644	-0.000089	
0.978778	1.018887	0.596464	-0.000039	
1.018900	1.059777	0.612677	0.000013	
1.059834	1.101509	0.629274	0.000057	
1.101599	1.144103	0.646238	0.000090	
1.144210	1.187576	0.663553	0.000108	
1.187686	1.231945	0.681204	0.000110	
1.232043	1.277224	0.699181	0.000098	
1.277299	1.323428	0.717483	0.000075	
1.323473	1.370570	0.736112	0.000045	
1.370583	1.418667	0.755078	0.000013	
1.418649	1.467733	0.774394	-0.000018	
1.467689	1.517786	0.794077	-0.000044	
1.517723	1.568845	0.814147	-0.000063	
1.568772	1.620930	0.834622	-0.000073	
1.620855	1.674064	0.855520	-0.000075	
1.673995	1.728268	0.876857	-0.000068	
1.728212	1.783567	0.898647	-0.000056	
1.783529	1.839986	0.920901	-0.000038	
1.839967	1.897549	0.943627	-0.000019	
1.897550	1.956281	0.966833	0.000000	
1.956300	2.016208	0.990525	0.000018	
2.016241	2.077355	1.014707	0.000032	
2.077397	2.139746	1.039384	0.000042	
2.139794	2.203407	1.064561	0.000048	
2.203455	2.268363	1.090244	0.000048	
2.268408	2.334640	1.116440	0.000045	
2.334677	2.402263	1.143157	0.000037	
2.402290	2.471258	1.170404	0.000027	
2.471274	2.541652	1.198194	0.000016	
2.541657	2.613473	1.226536	0.000005	
2.613467	2.686748	1.255446	-0.000006	
2.686733	2.761507	1.284935	-0.000015	
2.761484	2.837778	1.315019	-0.000023	
2.837751	2.915594	1.345711	-0.000028	
2.915564	2.994985	1.377027	-0.000030	
2.994955	3.075983	1.408980	-0.000030	
3.075956	3.158622	1.441585	-0.000027	
3.158599	3.242935	1.474856	-0.000023	
3.242917	3.328957	1.508807	-0.000017	
3.328946	3.416723	1.543452	-0.000011	
3.416718	3.506269	1.578805	-0.000005	
3.506271	3.597631	1.614878	0.000002	
3.597639	3.690847	1.651686	0.000007	
3.690859	3.785955	1.689243	0.000012	
3.785970	3.882992	1.727562	0.000015	
3.883009	3.981998	1.766658	0.000017	
3.982016	4.083012	1.806546	0.000018	
4.083030	4.186076	1.847241	0.000017	
4.186092	4.291231	1.888759	0.000016	
4.291244	4.398518	1.931117	0.000013	
4.398528	4.507980	1.974330	0.000010	
4.507987	4.619662	2.018417	0.000007	
4.619666	4.733609	2.063396	0.000003	
4.733608	4.849865	2.109285	-0.000000	
4.849862	4.968478	2.156102	-0.000004	
4.968472	5.089495	2.203868	-0.000006	
5.089487	5.212966	2.252602	-0.000008	
5.212956	5.338939	2.302323	-0.000009	
5.338928	5.467465	2.353053	-0.000010	
5.467455	5.598597	2.404812	-0.000010	
5.598587	5.732387	2.457622	-0.000010	
5.732379	5.868890	2.511503	-0.000008	
5.868883	6.008160	2.566478	-0.000007	
6.008154	6.150253	2.622569	-0.000005	
6.150250	6.295228	2.679798	-0.000003	
6.295227	6.443143	2.738189	-0.000002	
6.443143	6.594056	2.797765	0.000000	
6.594058	6.748030	2.858550	0.000002	
6.748033	6.905126	2.920567	0.000003	
6.905131	7.065408	2.983842	0.000004	
7.065413	7.228940	3.048400	0.000005	
7.228945	7.395788	3.114267	0.000006	
7.395793	7.566019	3.181470	0.000006	
7.566024	7.739702	3.250034	0.000005	
7.739707	7.916907	3.319988	0.000005	
7.916911	8.097705	3.391360	0.000004	
8.097708	8.282168	3.464179	0.000003	
8.282171	8.470372	3.538473	0.000002	
8.470374	8.662392	3.614273	0.000001	
8.662393	8.858305	3.691610	0.000001	
8.858305	9.058191	3.770514	-0.000000	
9.058189	9.262129	3.851018	-0.000001	
9.262127	9.470201	3.933154	-0.000002	
9.470199	9.682493	4.016955	-0.000002	
9.682490	9.899089	4.102455	-0.000003	
9.899086	10.120076	4.189689	-0.000003	
10.120073	10.345543	4.278692	-0.000003	
10.345541	10.575583	4.369500	-0.000003	
10.575580	10.810286	4.462149	-0.000003	
10.810283	11.049748	4.556676	-0.000002	
11.049746	11.294065	4.653121	-0.000002	
11.294063	11.543336	4.751521	-0.000001	
11.543335	11.797661	4.851917	-0.000001	
11.797660	12.057142	4.954349	-0.000000	
12.057142	12.321885	5.058857	-0.000000	
12.321886	12.591996	5.165485	0.000000	
12.591997	12.871554	5.313976	0.000001	
12.867585	13.144516	5.303935	-0.003969	
13.148760	13.427189	5.455630	0.004244	
13.435637	13.727325	5.686796	0.008448	
13.728330	14.036109	5.833305	0.001006	
14.026958	14.346866	5.914798	-0.009150	
14.331641	14.646104	5.861753	-0.015225	
14.642502	14.951746	5.985643	-0.003603	
14.959665	15.271064	6.183529	0.007919	
15.283259	15.603266	6.376233	0.012195	
15.613415	15.945178	6.539771	0.010148	
15.950264	16.296205	6.699309	0.005086	
16.293943	16.649470	6.791891	-0.002262	
16.644591	17.000940	6.844594	-0.004880	
17.002348	17.373308	7.123869	0.001408	
17.367359	17.755860	7.300175	-0.005949	
17.739771	18.133799	7.330565	-0.016089	
18.119734	18.512531	7.414079	-0.014065	
18.507401	18.899159	7.568790	-0.005130	
18.902928	18.521176	0.000000	0.003769	
