0.000000 0.000000 0.185302 0.185302 0.000000 
1.000000 0.000000 0.205891 0.205891 0.000000 
2.000000 0.000000 0.228768 0.228768 0.000000 
3.000000 0.000000 0.254186 0.254187 0.000000 
4.000000 0.000000 0.282429 0.282430 0.000000 
5.000000 0.000000 0.313810 0.313811 0.000000 
6.000000 0.000000 0.348678 0.348678 0.000000 
7.000000 0.000000 0.387420 0.387420 0.000000 
8.000000 0.000000 0.430467 0.430467 0.000000 
9.000000 0.000000 0.387420 0.387420 0.000000 
10.000000 0.000000 0.348678 0.348678 0.000000 
11.000000 0.000000 0.313810 0.313811 0.000000 
12.000000 0.000000 0.282429 0.282430 0.000000 
13.000000 0.000000 0.254186 0.254187 0.000000 
14.000000 0.000000 0.228768 0.228768 0.000000 
15.000000 0.000000 0.205891 0.205891 0.000000 
0.000000 1.000000 0.205891 0.205891 0.000000 
1.000000 1.000000 0.228768 0.228768 0.000000 
2.000000 1.000000 0.254186 0.254187 0.000000 
3.000000 1.000000 0.282429 0.282430 0.000000 
4.000000 1.000000 0.313810 0.313811 0.000000 
5.000000 1.000000 0.348678 0.348678 0.000000 
6.000000 1.000000 0.387420 0.387420 0.000000 
7.000000 1.000000 0.430467 0.430467 0.000000 
8.000000 1.000000 0.478296 0.478297 0.000000 
9.000000 1.000000 0.430467 0.430467 0.000000 
10.000000 1.000000 0.387420 0.387420 0.000000 
11.000000 1.000000 0.348678 0.348678 0.000000 
12.000000 1.000000 0.313810 0.313811 0.000000 
13.000000 1.000000 0.282429 0.282430 0.000000 
14.000000 1.000000 0.254186 0.254187 0.000000 
15.000000 1.000000 0.228768 0.228768 0.000000 
0.000000 2.000000 0.228768 0.228768 0.000000 
1.000000 2.000000 0.254186 0.254187 0.000000 
2.000000 2.000000 0.282429 0.282430 0.000000 
3.000000 2.000000 0.313810 0.313811 0.000000 
4.000000 2.000000 0.348678 0.348678 0.000000 
5.000000 2.000000 0.387420 0.387420 0.000000 
6.000000 2.000000 0.430467 0.430467 0.000000 
7.000000 2.000000 0.478296 0.478297 0.000000 
8.000000 2.000000 0.531441 0.531441 0.000000 
9.000000 2.000000 0.478296 0.478297 0.000000 
10.000000 2.000000 0.430467 0.430467 0.000000 
11.000000 2.000000 0.387420 0.387420 0.000000 
12.000000 2.000000 0.348678 0.348678 0.000000 
13.000000 2.000000 0.313810 0.313811 0.000000 
14.000000 2.000000 0.282429 0.282430 0.000000 
15.000000 2.000000 0.254186 0.254187 0.000000 
0.000000 3.000000 0.254186 0.254187 0.000000 
1.000000 3.000000 0.282429 0.282430 0.000000 
2.000000 3.000000 0.313810 0.313811 0.000000 
3.000000 3.000000 0.348678 0.348678 0.000000 
4.000000 3.000000 0.387420 0.387420 0.000000 
5.000000 3.000000 0.430467 0.430467 0.000000 
6.000000 3.000000 0.478296 0.478297 0.000000 
7.000000 3.000000 0.531441 0.531441 0.000000 
8.000000 3.000000 0.590490 0.590490 0.000000 
9.000000 3.000000 0.531441 0.531441 0.000000 
10.000000 3.000000 0.478296 0.478297 0.000000 
11.000000 3.000000 0.430467 0.430467 0.000000 
12.000000 3.000000 0.387420 0.387420 0.000000 
13.000000 3.000000 0.348678 0.348678 0.000000 
14.000000 3.000000 0.313810 0.313811 0.000000 
15.000000 3.000000 0.282429 0.282430 0.000000 
0.000000 4.000000 0.282429 0.282430 0.000000 
1.000000 4.000000 0.313810 0.313811 0.000000 
2.000000 4.000000 0.348678 0.348678 0.000000 
3.000000 4.000000 0.387420 0.387420 0.000000 
4.000000 4.000000 0.430467 0.430467 0.000000 
5.000000 4.000000 0.478296 0.478297 0.000000 
6.000000 4.000000 0.531441 0.531441 0.000000 
7.000000 4.000000 0.590490 0.590490 0.000000 
8.000000 4.000000 0.656100 0.656100 0.000000 
9.000000 4.000000 0.590490 0.590490 0.000000 
10.000000 4.000000 0.531441 0.531441 0.000000 
11.000000 4.000000 0.478296 0.478297 0.000000 
12.000000 4.000000 0.430467 0.430467 0.000000 
13.000000 4.000000 0.387420 0.387420 0.000000 
14.000000 4.000000 0.348678 0.348678 0.000000 
15.000000 4.000000 0.313810 0.313811 0.000000 
0.000000 5.000000 0.313810 0.313811 0.000000 
1.000000 5.000000 0.348678 0.348678 0.000000 
2.000000 5.000000 0.387420 0.387420 0.000000 
3.000000 5.000000 0.430467 0.430467 0.000000 
4.000000 5.000000 0.478296 0.478297 0.000000 
5.000000 5.000000 0.531441 0.531441 0.000000 
6.000000 5.000000 0.590490 0.590490 0.000000 
7.000000 5.000000 0.656100 0.656100 0.000000 
8.000000 5.000000 0.729000 0.729000 0.000000 
9.000000 5.000000 0.656100 0.656100 0.000000 
10.000000 5.000000 0.590490 0.590490 0.000000 
11.000000 5.000000 0.531441 0.531441 0.000000 
12.000000 5.000000 0.478296 0.478297 0.000000 
13.000000 5.000000 0.430467 0.430467 0.000000 
14.000000 5.000000 0.387420 0.387420 0.000000 
15.000000 5.000000 0.348678 0.348678 0.000000 
0.000000 6.000000 0.348678 0.348678 0.000000 
1.000000 6.000000 0.387420 0.387420 0.000000 
2.000000 6.000000 0.430467 0.430467 0.000000 
3.000000 6.000000 0.478296 0.478297 0.000000 
4.000000 6.000000 0.531441 0.531441 0.000000 
5.000000 6.000000 0.590490 0.590490 0.000000 
6.000000 6.000000 0.656100 0.656100 0.000000 
7.000000 6.000000 0.729000 0.729000 0.000000 
8.000000 6.000000 0.810000 0.810000 0.000000 
9.000000 6.000000 0.729000 0.729000 0.000000 
10.000000 6.000000 0.656100 0.656100 0.000000 
11.000000 6.000000 0.590490 0.590490 0.000000 
12.000000 6.000000 0.531441 0.531441 0.000000 
13.000000 6.000000 0.478296 0.478297 0.000000 
14.000000 6.000000 0.430467 0.430467 0.000000 
15.000000 6.000000 0.387420 0.387420 0.000000 
0.000000 7.000000 0.387420 0.387420 0.000000 
1.000000 7.000000 0.430467 0.430467 0.000000 
2.000000 7.000000 0.478296 0.478297 0.000000 
3.000000 7.000000 0.531441 0.531441 0.000000 
4.000000 7.000000 0.590490 0.590490 0.000000 
5.000000 7.000000 0.656100 0.656100 0.000000 
6.000000 7.000000 0.729000 0.729000 0.000000 
7.000000 7.000000 0.810000 0.810000 0.000000 
8.000000 7.000000 0.900000 0.900000 0.000000 
9.000000 7.000000 0.810000 0.810000 0.000000 
10.000000 7.000000 0.729000 0.729000 0.000000 
11.000000 7.000000 0.656100 0.656100 0.000000 
12.000000 7.000000 0.590490 0.590490 0.000000 
13.000000 7.000000 0.531441 0.531441 0.000000 
14.000000 7.000000 0.478296 0.478297 0.000000 
15.000000 7.000000 0.430467 0.430467 0.000000 
0.000000 8.000000 0.430467 0.430467 0.000000 
1.000000 8.000000 0.478296 0.478297 0.000000 
2.000000 8.000000 0.531441 0.531441 0.000000 
3.000000 8.000000 0.590490 0.590490 0.000000 
4.000000 8.000000 0.656100 0.656100 0.000000 
5.000000 8.000000 0.729000 0.729000 0.000000 
6.000000 8.000000 0.810000 0.810000 0.000000 
7.000000 8.000000 0.900000 0.900000 0.000000 
8.000000 8.000000 1.000000 1.000000 0.000000 
9.000000 8.000000 0.900000 0.900000 0.000000 
10.000000 8.000000 0.810000 0.810000 0.000000 
11.000000 8.000000 0.729000 0.729000 0.000000 
12.000000 8.000000 0.656100 0.656100 0.000000 
13.000000 8.000000 0.590490 0.590490 0.000000 
14.000000 8.000000 0.531441 0.531441 0.000000 
15.000000 8.000000 0.478296 0.478297 0.000000 
0.000000 9.000000 0.387420 0.387420 0.000000 
1.000000 9.000000 0.430467 0.430467 0.000000 
2.000000 9.000000 0.478296 0.478297 0.000000 
3.000000 9.000000 0.531441 0.531441 0.000000 
4.000000 9.000000 0.590490 0.590490 0.000000 
5.000000 9.000000 0.656100 0.656100 0.000000 
6.000000 9.000000 0.729000 0.729000 0.000000 
7.000000 9.000000 0.810000 0.810000 0.000000 
8.000000 9.000000 0.900000 0.900000 0.000000 
9.000000 9.000000 0.810000 0.810000 0.000000 
10.000000 9.000000 0.729000 0.729000 0.000000 
11.000000 9.000000 0.656100 0.656100 0.000000 
12.000000 9.000000 0.590490 0.590490 0.000000 
13.000000 9.000000 0.531441 0.531441 0.000000 
14.000000 9.000000 0.478296 0.478297 0.000000 
15.000000 9.000000 0.430467 0.430467 0.000000 
0.000000 10.000000 0.348678 0.348678 0.000000 
1.000000 10.000000 0.387420 0.387420 0.000000 
2.000000 10.000000 0.430467 0.430467 0.000000 
3.000000 10.000000 0.478296 0.478297 0.000000 
4.000000 10.000000 0.531441 0.531441 0.000000 
5.000000 10.000000 0.590490 0.590490 0.000000 
6.000000 10.000000 0.656100 0.656100 0.000000 
7.000000 10.000000 0.729000 0.729000 0.000000 
8.000000 10.000000 0.810000 0.810000 0.000000 
9.000000 10.000000 0.729000 0.729000 0.000000 
10.000000 10.000000 0.656100 0.656100 0.000000 
11.000000 10.000000 0.590490 0.590490 0.000000 
12.000000 10.000000 0.531441 0.531441 0.000000 
13.000000 10.000000 0.478296 0.478297 0.000000 
14.000000 10.000000 0.430467 0.430467 0.000000 
15.000000 10.000000 0.387420 0.387420 0.000000 
0.000000 11.000000 0.313810 0.313811 0.000000 
1.000000 11.000000 0.348678 0.348678 0.000000 
2.000000 11.000000 0.387420 0.387420 0.000000 
3.000000 11.000000 0.430467 0.430467 0.000000 
4.000000 11.000000 0.478296 0.478297 0.000000 
5.000000 11.000000 0.531441 0.531441 0.000000 
6.000000 11.000000 0.590490 0.590490 0.000000 
7.000000 11.000000 0.656100 0.656100 0.000000 
8.000000 11.000000 0.729000 0.729000 0.000000 
9.000000 11.000000 0.656100 0.656100 0.000000 
10.000000 11.000000 0.590490 0.590490 0.000000 
11.000000 11.000000 0.531441 0.531441 0.000000 
12.000000 11.000000 0.478296 0.478297 0.000000 
13.000000 11.000000 0.430467 0.430467 0.000000 
14.000000 11.000000 0.387420 0.387420 0.000000 
15.000000 11.000000 0.348678 0.348678 0.000000 
0.000000 12.000000 0.282429 0.282430 0.000000 
1.000000 12.000000 0.313810 0.313811 0.000000 
2.000000 12.000000 0.348678 0.348678 0.000000 
3.000000 12.000000 0.387420 0.387420 0.000000 
4.000000 12.000000 0.430467 0.430467 0.000000 
5.000000 12.000000 0.478296 0.478297 0.000000 
6.000000 12.000000 0.531441 0.531441 0.000000 
7.000000 12.000000 0.590490 0.590490 0.000000 
8.000000 12.000000 0.656100 0.656100 0.000000 
9.000000 12.000000 0.590490 0.590490 0.000000 
10.000000 12.000000 0.531441 0.531441 0.000000 
11.000000 12.000000 0.478296 0.478297 0.000000 
12.000000 12.000000 0.430467 0.430467 0.000000 
13.000000 12.000000 0.387420 0.387420 0.000000 
14.000000 12.000000 0.348678 0.348678 0.000000 
15.000000 12.000000 0.313810 0.313811 0.000000 
0.000000 13.000000 0.254186 0.254187 0.000000 
1.000000 13.000000 0.282429 0.282430 0.000000 
2.000000 13.000000 0.313810 0.313811 0.000000 
3.000000 13.000000 0.348678 0.348678 0.000000 
4.000000 13.000000 0.387420 0.387420 0.000000 
5.000000 13.000000 0.430467 0.430467 0.000000 
6.000000 13.000000 0.478296 0.478297 0.000000 
7.000000 13.000000 0.531441 0.531441 0.000000 
8.000000 13.000000 0.590490 0.590490 0.000000 
9.000000 13.000000 0.531441 0.531441 0.000000 
10.000000 13.000000 0.478296 0.478297 0.000000 
11.000000 13.000000 0.430467 0.430467 0.000000 
12.000000 13.000000 0.387420 0.387420 0.000000 
13.000000 13.000000 0.348678 0.348678 0.000000 
14.000000 13.000000 0.313810 0.313811 0.000000 
15.000000 13.000000 0.282429 0.282430 0.000000 
0.000000 14.000000 0.228768 0.228768 0.000000 
1.000000 14.000000 0.254186 0.254187 0.000000 
2.000000 14.000000 0.282429 0.282430 0.000000 
3.000000 14.000000 0.313810 0.313811 0.000000 
4.000000 14.000000 0.348678 0.348678 0.000000 
5.000000 14.000000 0.387420 0.387420 0.000000 
6.000000 14.000000 0.430467 0.430467 0.000000 
7.000000 14.000000 0.478296 0.478297 0.000000 
8.000000 14.000000 0.531441 0.531441 0.000000 
9.000000 14.000000 0.478296 0.478297 0.000000 
10.000000 14.000000 0.430467 0.430467 0.000000 
11.000000 14.000000 0.387420 0.387420 0.000000 
12.000000 14.000000 0.348678 0.348678 0.000000 
13.000000 14.000000 0.313810 0.313811 0.000000 
14.000000 14.000000 0.282429 0.282430 0.000000 
15.000000 14.000000 0.254186 0.254187 0.000000 
0.000000 15.000000 0.205891 0.205891 0.000000 
1.000000 15.000000 0.228768 0.228768 0.000000 
2.000000 15.000000 0.254186 0.254187 0.000000 
3.000000 15.000000 0.282429 0.282430 0.000000 
4.000000 15.000000 0.313810 0.313811 0.000000 
5.000000 15.000000 0.348678 0.348678 0.000000 
6.000000 15.000000 0.387420 0.387420 0.000000 
7.000000 15.000000 0.430467 0.430467 0.000000 
8.000000 15.000000 0.478296 0.478297 0.000000 
9.000000 15.000000 0.430467 0.430467 0.000000 
10.000000 15.000000 0.387420 0.387420 0.000000 
11.000000 15.000000 0.348678 0.348678 0.000000 
12.000000 15.000000 0.313810 0.313811 0.000000 
13.000000 15.000000 0.282429 0.282430 0.000000 
14.000000 15.000000 0.254186 0.254187 0.000000 
15.000000 15.000000 0.228768 0.228768 0.000000 
