0.000000	0.000000	0.000000	0.000000	
0.020276	0.000000	0.000000	0.020276	
0.040963	0.000000	0.000000	0.040963	
0.062069	0.000000	0.000000	0.062069	
0.083603	0.000000	0.000000	0.083603	
0.105574	0.000000	0.000000	0.105574	
0.127990	0.000000	0.000000	0.127990	
0.150861	0.000000	0.000000	0.150861	
0.174196	0.000000	0.000000	0.174196	
0.198003	0.000000	0.000000	0.198003	
0.222294	0.000000	0.000000	0.222294	
0.247077	0.000000	0.000000	0.247077	
0.272362	0.000000	0.000000	0.272362	
0.298160	0.000000	0.000000	0.298160	
0.324481	0.000000	0.000000	0.324481	
0.351336	0.000000	0.000000	0.351336	
0.378736	0.000000	0.000000	0.378736	
0.406691	0.000000	0.000000	0.406691	
0.435212	0.000000	0.000000	0.435212	
0.464312	0.000000	0.000000	0.464312	
0.494002	0.000000	0.000000	0.494002	
0.524294	0.000000	0.000000	0.524294	
0.555201	0.000000	0.000000	0.555201	
0.586733	0.000000	0.000000	0.586733	
0.618906	0.000000	0.000000	0.618906	
0.651730	0.000000	0.000000	0.651730	
0.685220	0.000000	0.000000	0.685220	
0.719389	0.000000	0.000000	0.719389	
0.754251	0.000000	0.000000	0.754251	
0.789820	0.000000	0.000000	0.789820	
0.826110	0.000000	0.000000	0.826110	
0.863136	0.000000	0.000000	0.863136	
0.900912	0.000000	0.000000	0.900912	
0.939455	0.000000	0.000000	0.939455	
0.978778	0.000000	0.000000	0.978778	
1.018900	0.000000	0.000000	1.018900	
1.059834	0.000000	0.000000	1.059834	
1.101599	0.000000	0.000000	1.101599	
1.144210	0.000000	0.000000	1.144210	
1.187686	0.000000	0.000000	1.187686	
1.232043	0.000000	0.000000	1.232043	
1.277299	0.000000	0.000000	1.277299	
1.323473	0.000000	0.000000	1.323473	
1.370583	0.000000	0.000000	1.370583	
1.418649	0.000000	0.000000	1.418649	
1.467689	0.000000	0.000000	1.467689	
1.517723	0.000000	0.000000	1.517723	
1.568772	0.000000	0.000000	1.568772	
1.620855	0.000000	0.000000	1.620855	
1.673995	0.000000	0.000000	1.673995	
1.728212	0.000000	0.000000	1.728212	
1.783529	0.000000	0.000000	1.783529	
1.839967	0.000000	0.000000	1.839967	
1.897550	0.000000	0.000000	1.897550	
1.956300	0.000000	0.000000	1.956300	
2.016241	0.000000	0.000000	2.016241	
2.077397	0.000000	0.000000	2.077397	
2.139794	0.000000	0.000000	2.139794	
2.203455	0.000000	0.000000	2.203455	
2.268408	0.000000	0.000000	2.268408	
2.334677	0.000000	0.000000	2.334677	
2.402290	0.000000	0.000000	2.402290	
2.471274	0.000000	0.000000	2.471274	
2.541657	0.000000	0.000000	2.541657	
2.613467	0.000000	0.000000	2.613467	
2.686733	0.000000	0.000000	2.686733	
2.761484	0.000000	0.000000	2.761484	
2.837751	0.000000	0.000000	2.837751	
2.915564	0.000000	0.000000	2.915564	
2.994955	0.000000	0.000000	2.994955	
3.075956	0.000000	0.000000	3.075956	
3.158599	0.000000	0.000000	3.158599	
3.242917	0.000000	0.000000	3.242917	
3.328946	0.000000	0.000000	3.328946	
3.416718	0.000000	0.000000	3.416718	
3.506271	0.000000	0.000000	3.506271	
3.597639	0.000000	0.000000	3.597639	
3.690859	0.000000	0.000000	3.690859	
3.785970	0.000000	0.000000	3.785970	
3.883009	0.000000	0.000000	3.883009	
3.982016	0.000000	0.000000	3.982016	
4.083030	0.000000	0.000000	4.083030	
4.186092	0.000000	0.000000	4.186092	
4.291244	0.000000	0.000000	4.291244	
4.398528	0.000000	0.000000	4.398528	
4.507987	0.000000	0.000000	4.507987	
4.619666	0.000000	0.000000	4.619666	
4.733608	0.000000	0.000000	4.733608	
4.849862	0.000000	0.000000	4.849862	
4.968472	0.000000	0.000000	4.968472	
5.089487	0.000000	0.000000	5.089487	
5.212956	0.000000	0.000000	5.212956	
5.338928	0.000000	0.000000	5.338928	
5.467455	0.000000	0.000000	5.467455	
5.598587	0.000000	0.000000	5.598587	
5.732379	0.000000	0.000000	5.732379	
5.868883	0.000000	0.000000	5.868883	
6.008154	0.000000	0.000000	6.008154	
6.150250	0.000000	0.000000	6.150250	
6.295227	0.000000	0.000000	6.295227	
6.443143	0.000000	0.000000	6.443143	
6.594058	0.000000	0.000000	6.594058	
6.748033	0.000000	0.000000	6.748033	
6.905131	0.000000	0.000000	6.905131	
7.065413	0.000000	0.000000	7.065413	
7.228945	0.000000	0.000000	7.228945	
7.395793	0.000000	0.000000	7.395793	
7.566024	0.000000	0.000000	7.566024	
7.739707	0.000000	0.000000	7.739707	
7.916911	0.000000	0.000000	7.916911	
8.097708	0.000000	0.000000	8.097708	
8.282171	0.000000	0.000000	8.282171	
8.470374	0.000000	0.000000	8.470374	
8.662393	0.000000	0.000000	8.662393	
8.858305	0.000000	0.000000	8.858305	
9.058189	0.000000	0.000000	9.058189	
9.262127	0.000000	0.000000	9.262127	
9.470199	0.000000	0.000000	9.470199	
9.682490	0.000000	0.000000	9.682490	
9.899086	0.000000	0.000000	9.899086	
10.120073	0.000000	0.000000	10.120073	
10.345541	0.000000	0.000000	10.345541	
10.575580	0.000000	0.000000	10.575580	
10.810283	0.000000	0.000000	10.810283	
11.049746	0.000000	0.000000	11.049746	
11.294063	0.000000	0.000000	11.294063	
11.543335	0.000000	0.000000	11.543335	
11.797660	0.000000	0.000000	11.797660	
12.057142	0.000000	0.000000	12.057142	
12.321886	0.000000	0.000000	12.321886	
12.591997	0.000000	0.000000	12.591997	
12.867585	0.000000	0.000000	12.867585	
13.148760	0.000000	0.000000	13.148760	
13.435637	0.000000	0.000000	13.435637	
13.728330	0.000000	0.000000	13.728330	
14.026958	0.000000	0.000000	14.026958	
14.331641	0.000000	0.000000	14.331641	
14.642502	0.000000	0.000000	14.642502	
14.959665	0.000000	0.000000	14.959665	
15.283259	0.000000	0.000000	15.283259	
15.613415	0.000000	0.000000	15.613415	
15.950264	0.000000	0.000000	15.950264	
16.293943	0.000000	0.000000	16.293943	
16.644591	0.000000	0.000000	16.644591	
17.002348	0.000000	0.000000	17.002348	
17.367359	0.000000	0.000000	17.367359	
17.739771	0.000000	0.000000	17.739771	
18.119734	0.000000	0.000000	18.119734	
18.507401	0.000000	0.000000	18.507401	
18.902928	0.000000	0.000000	18.902928	
0.000000	0.017533	0.175331	0.000000	
0.020276	0.040657	0.234750	0.002743	
0.040963	0.064238	0.243940	0.000305	
0.062069	0.086696	0.237429	-0.002169	
0.083603	0.108093	0.231304	-0.003093	
0.105574	0.129068	0.231370	-0.002519	
0.127990	0.150307	0.238199	-0.001078	
0.150861	0.172313	0.250128	0.000555	
0.174196	0.195359	0.264922	0.001882	
0.198003	0.219511	0.280589	0.002644	
0.222294	0.244692	0.295712	0.002783	
0.247077	0.270747	0.309490	0.002385	
0.272362	0.297497	0.321647	0.001615	
0.298160	0.324776	0.332292	0.000663	
0.324481	0.352457	0.341765	-0.000295	
0.351336	0.380460	0.350516	-0.001121	
0.378736	0.408751	0.359008	-0.001724	
0.406691	0.437341	0.367652	-0.002061	
0.435212	0.466272	0.376772	-0.002129	
0.464312	0.495605	0.386589	-0.001959	
0.494002	0.525416	0.397228	-0.001603	
0.524294	0.555780	0.408726	-0.001122	
0.555201	0.586770	0.421051	-0.000580	
0.586733	0.618447	0.434123	-0.000036	
0.618906	0.650861	0.447833	0.000459	
0.651730	0.684050	0.462061	0.000869	
0.685220	0.718038	0.476688	0.001170	
0.719389	0.752838	0.491607	0.001352	
0.754251	0.788454	0.506730	0.001414	
0.789820	0.824884	0.521992	0.001366	
0.826110	0.862122	0.537353	0.001226	
0.863136	0.900158	0.552791	0.001014	
0.900912	0.938986	0.568308	0.000754	
0.939455	0.978598	0.583922	0.000469	
0.978778	1.018993	0.599662	0.000180	
1.018900	1.060169	0.615566	-0.000093	
1.059834	1.102134	0.631679	-0.000335	
1.101599	1.144896	0.648047	-0.000535	
1.144210	1.188469	0.664713	-0.000685	
1.187686	1.232872	0.681719	-0.000783	
1.232043	1.278125	0.699103	-0.000829	
1.277299	1.324252	0.716895	-0.000825	
1.323473	1.371279	0.735121	-0.000778	
1.370583	1.419233	0.753800	-0.000695	
1.418649	1.468143	0.772945	-0.000584	
1.467689	1.518037	0.792566	-0.000454	
1.517723	1.568943	0.812666	-0.000314	
1.568772	1.620889	0.833247	-0.000171	
1.620855	1.673901	0.854307	-0.000033	
1.673995	1.728008	0.875842	0.000094	
1.728212	1.783232	0.897850	0.000205	
1.783529	1.839600	0.920325	0.000297	
1.839967	1.897135	0.943266	0.000367	
1.897550	1.955859	0.966670	0.000415	
1.956300	2.015796	0.990537	0.000440	
2.016241	2.076967	1.014869	0.000445	
2.077397	2.139394	1.039667	0.000430	
2.139794	2.203100	1.064939	0.000400	
2.203455	2.268107	1.090691	0.000355	
2.268408	2.334438	1.116932	0.000301	
2.334677	2.402117	1.143673	0.000239	
2.402290	2.471167	1.170926	0.000174	
2.471274	2.541614	1.198705	0.000107	
2.541657	2.613484	1.227023	0.000043	
2.613467	2.686804	1.255897	-0.000018	
2.686733	2.761602	1.285341	-0.000072	
2.761484	2.837908	1.315373	-0.000119	
2.837751	2.915750	1.346007	-0.000157	
2.915564	2.995161	1.377260	-0.000186	
2.994955	3.076173	1.409149	-0.000206	
3.075956	3.158818	1.441690	-0.000217	
3.158599	3.243132	1.474898	-0.000220	
3.242917	3.329148	1.508788	-0.000214	
3.328946	3.416903	1.543377	-0.000202	
3.416718	3.506433	1.578678	-0.000184	
3.506271	3.597775	1.614708	-0.000162	
3.597639	3.690967	1.651480	-0.000136	
3.690859	3.786049	1.689009	-0.000108	
3.785970	3.883059	1.727310	-0.000079	
3.883009	3.982037	1.766397	-0.000050	
3.982016	4.083025	1.806285	-0.000022	
4.083030	4.186064	1.846988	0.000005	
4.186092	4.291194	1.888522	0.000028	
4.291244	4.398461	1.930902	0.000049	
4.398528	4.507906	1.974144	0.000067	
4.507987	4.619574	2.018263	0.000081	
4.619666	4.733510	2.063277	0.000091	
4.733608	4.849760	2.109202	0.000098	
4.849862	4.968371	2.156056	0.000101	
4.968472	5.089389	2.203857	0.000101	
5.089487	5.212864	2.252623	0.000098	
5.212956	5.338844	2.302374	0.000093	
5.338928	5.467380	2.353129	0.000085	
5.467455	5.598523	2.404909	0.000075	
5.598587	5.732326	2.457735	0.000064	
5.732379	5.868842	2.511627	0.000053	
5.868883	6.008126	2.566608	0.000040	
6.008154	6.150234	2.622701	0.000028	
6.150250	6.295222	2.679927	0.000016	
6.295227	6.443149	2.738312	0.000005	
6.443143	6.594073	2.797878	-0.000006	
6.594058	6.748057	2.858650	-0.000015	
6.748033	6.905161	2.920653	-0.000023	
6.905131	7.065449	2.983912	-0.000030	
7.065413	7.228985	3.048454	-0.000036	
7.228945	7.395836	3.114305	-0.000040	
7.395793	7.566069	3.181491	-0.000043	
7.566024	7.739751	3.250040	-0.000044	
7.739707	7.916954	3.319981	-0.000044	
7.916911	8.097749	3.391341	-0.000043	
8.097708	8.282209	3.464149	-0.000041	
8.282171	8.470409	3.538435	-0.000038	
8.470374	8.662423	3.614229	-0.000035	
8.662393	8.858331	3.691561	-0.000031	
8.858305	9.058211	3.770463	-0.000026	
9.058189	9.262143	3.850966	-0.000021	
9.262127	9.470210	3.933102	-0.000016	
9.470199	9.682497	4.016905	-0.000011	
9.682490	9.899088	4.102409	-0.000006	
9.899086	10.120070	4.189647	-0.000002	
10.120073	10.345534	4.278654	0.000002	
10.345541	10.575570	4.369467	0.000006	
10.575580	10.810271	4.462121	0.000009	
10.810283	11.049731	4.556654	0.000012	
11.049746	11.294047	4.653105	0.000015	
11.294063	11.543317	4.751510	0.000016	
11.543335	11.797642	4.851911	0.000018	
11.797660	12.057124	4.954347	0.000018	
12.057142	12.321867	5.058860	0.000019	
12.321886	12.591979	5.165492	0.000018	
12.591997	12.941200	6.010604	0.000018	
12.867585	13.274712	5.923357	-0.073615	
13.148760	13.538995	5.297776	-0.125951	
13.435637	13.750342	4.821273	-0.103358	
13.728330	13.946485	4.711495	-0.022012	
14.026958	14.212784	5.452290	0.080473	
14.331641	14.498692	5.701635	0.118857	
14.642502	14.799487	5.907689	0.143810	
14.959665	15.120148	6.166503	0.160178	
15.283259	15.465688	6.479436	0.163112	
15.613415	15.837446	6.810710	0.147726	
15.950264	16.268942	7.482452	0.112818	
16.293943	16.751533	8.079697	0.025001	
16.644591	17.157939	7.414369	-0.106942	
17.002348	17.525116	7.103354	-0.155591	
17.367359	17.904035	7.294219	-0.157756	
17.739771	18.277836	7.318813	-0.164264	
18.119734	18.638374	7.260951	-0.158102	
18.507401	18.991986	7.263797	-0.130973	
18.902928	18.612147	0.000000	-0.089058	
0.000000	0.019884	0.198843	0.000000	
0.020276	0.041644	0.221577	0.000391	
0.040963	0.062476	0.216644	-0.000682	
0.062069	0.083264	0.220376	-0.000407	
0.083603	0.104871	0.232720	0.000339	
0.105574	0.127476	0.247022	0.000703	
0.127990	0.150834	0.259080	0.000515	
0.150861	0.174625	0.268073	0.000027	
0.174196	0.198646	0.275142	-0.000429	
0.198003	0.222865	0.281913	-0.000643	
0.222294	0.247369	0.289619	-0.000571	
0.247077	0.272303	0.298812	-0.000293	
0.272362	0.297801	0.309440	0.000059	
0.298160	0.323954	0.321090	0.000359	
0.324481	0.350799	0.333235	0.000527	
0.351336	0.378324	0.345413	0.000538	
0.378736	0.406490	0.357330	0.000412	
0.406691	0.435249	0.368881	0.000200	
0.435212	0.464555	0.380117	-0.000036	
0.464312	0.494384	0.391197	-0.000243	
0.494002	0.524729	0.402324	-0.000382	
0.524294	0.555603	0.413692	-0.000434	
0.555201	0.587037	0.425460	-0.000403	
0.586733	0.619069	0.437723	-0.000304	
0.618906	0.651740	0.450521	-0.000163	
0.651730	0.685089	0.463839	-0.000009	
0.685220	0.719150	0.477627	0.000131	
0.719389	0.753948	0.491813	0.000240	
0.754251	0.789501	0.506322	0.000303	
0.789820	0.825820	0.521089	0.000319	
0.826110	0.862910	0.536062	0.000290	
0.863136	0.900773	0.551214	0.000226	
0.900912	0.939411	0.566537	0.000139	
0.939455	0.978827	0.582042	0.000043	
0.978778	1.019026	0.597757	-0.000049	
1.018900	1.060017	0.613716	-0.000127	
1.059834	1.101813	0.629960	-0.000183	
1.101599	1.144430	0.646528	-0.000214	
1.144210	1.187887	0.663457	-0.000219	
1.187686	1.232206	0.680774	-0.000201	
1.232043	1.277412	0.698503	-0.000163	
1.277299	1.323530	0.716655	-0.000113	
1.323473	1.370583	0.735239	-0.000057	
1.370583	1.418597	0.754254	0.000000	
1.418649	1.467595	0.773698	0.000052	
1.467689	1.517599	0.793564	0.000094	
1.517723	1.568632	0.813846	0.000124	
1.568772	1.620713	0.834539	0.000140	
1.620855	1.673863	0.855639	0.000142	
1.673995	1.728100	0.877145	0.000133	
1.728212	1.783444	0.899059	0.000113	
1.783529	1.839914	0.921387	0.000085	
1.839967	1.897529	0.944138	0.000053	
1.897550	1.956311	0.967322	0.000020	
1.956300	2.016280	0.990953	-0.000011	
2.016241	2.077459	1.015045	-0.000039	
2.077397	2.139871	1.039615	-0.000062	
2.139794	2.203541	1.064678	-0.000077	
2.203455	2.268496	1.090250	-0.000086	
2.268408	2.334760	1.116347	-0.000088	
2.334677	2.402363	1.142983	-0.000083	
2.402290	2.471333	1.170171	-0.000073	
2.471274	2.541699	1.197925	-0.000059	
2.541657	2.613491	1.226256	-0.000042	
2.613467	2.686738	1.255175	-0.000024	
2.686733	2.761473	1.284692	-0.000006	
2.761484	2.837725	1.314818	0.000011	
2.837751	2.915527	1.345561	0.000026	
2.915564	2.994910	1.376933	0.000037	
2.994955	3.075906	1.408942	0.000045	
3.075956	3.158547	1.441599	0.000050	
3.158599	3.242868	1.474916	0.000051	
3.242917	3.328901	1.508904	0.000049	
3.328946	3.416681	1.543576	0.000045	
3.416718	3.506242	1.578944	0.000038	
3.506271	3.597619	1.615023	0.000029	
3.597639	3.690849	1.651826	0.000020	
3.690859	3.785969	1.689371	0.000010	
3.785970	3.883017	1.727671	0.000001	
3.883009	3.982031	1.766744	-0.000008	
3.982016	4.083051	1.806606	-0.000015	
4.083030	4.186117	1.847274	-0.000021	
4.186092	4.291272	1.888767	-0.000025	
4.291244	4.398556	1.931101	-0.000028	
4.398528	4.508015	1.974295	-0.000029	
4.507987	4.619691	2.018367	-0.000028	
4.619666	4.733631	2.063334	-0.000026	
4.733608	4.849880	2.109217	-0.000022	
4.849862	4.968485	2.156032	-0.000018	
4.968472	5.089496	2.203800	-0.000013	
5.089487	5.212960	2.252539	-0.000009	
5.212956	5.338927	2.302269	-0.000004	
5.338928	5.467450	2.353009	0.000001	
5.467455	5.598579	2.404779	0.000005	
5.598587	5.732367	2.457600	0.000009	
5.732379	5.868869	2.511493	0.000012	
5.868883	6.008140	2.566479	0.000014	
6.008154	6.150235	2.622580	0.000015	
6.150250	6.295212	2.679817	0.000015	
6.295227	6.443129	2.738214	0.000015	
6.443143	6.594046	2.797794	0.000014	
6.594058	6.748023	2.858581	0.000012	
6.748033	6.905122	2.920599	0.000010	
6.905131	7.065407	2.983873	0.000008	
7.065413	7.228942	3.048429	0.000006	
7.228945	7.395792	3.114292	0.000003	
7.395793	7.566026	3.181491	0.000001	
7.566024	7.739710	3.250050	-0.000001	
7.739707	7.916916	3.319999	-0.000003	
7.916911	8.097714	3.391367	-0.000005	
8.097708	8.282178	3.464180	-0.000006	
8.282171	8.470381	3.538471	-0.000007	
8.470374	8.662401	3.614267	-0.000008	
8.662393	8.858313	3.691601	-0.000008	
8.858305	9.058197	3.770503	-0.000008	
9.058189	9.262133	3.851005	-0.000007	
9.262127	9.470205	3.933141	-0.000006	
9.470199	9.682495	4.016942	-0.000006	
9.682490	9.899089	4.102442	-0.000005	
9.899086	10.120075	4.189677	-0.000003	
10.120073	10.345542	4.278681	-0.000002	
10.345541	10.575580	4.369491	-0.000001	
10.575580	10.810282	4.462141	0.000000	
10.810283	11.049744	4.556671	0.000001	
11.049746	11.294061	4.653118	0.000002	
11.294063	11.543332	4.751520	0.000003	
11.543335	11.797657	4.851917	0.000003	
11.797660	12.057139	4.954350	0.000004	
12.057142	12.321882	5.058860	0.000004	
12.321886	12.591993	5.165489	0.000004	
12.591997	12.878090	5.379368	0.000004	
12.867585	13.147262	5.267342	-0.010505	
13.148760	13.416625	5.323082	0.001498	
13.435637	13.708969	5.606766	0.019012	
13.728330	14.024195	5.894054	0.019361	
14.026958	14.356623	6.129116	0.002763	
14.331641	14.670093	6.006027	-0.024982	
14.642502	14.976438	5.997468	-0.027592	
14.959665	15.286739	6.098299	-0.016773	
15.283259	15.606088	6.250833	-0.003480	
15.613415	15.935752	6.417855	0.007327	
15.950264	16.280882	6.638452	0.014512	
16.293943	16.631367	6.761023	0.013061	
16.644591	16.970595	6.718553	0.013224	
17.002348	17.339220	7.080372	0.031754	
17.367359	17.736403	7.439679	0.028139	
17.739771	18.136311	7.546354	0.003368	
18.119734	18.534415	7.608308	-0.016577	
18.507401	18.933824	7.700970	-0.027014	
18.902928	18.555147	0.000000	-0.030896	
0.000000	0.020220	0.202199	0.000000	
0.020276	0.041163	0.213479	0.000056	
0.040963	0.061949	0.216089	-0.000201	
0.062069	0.083413	0.227031	0.000120	
0.083603	0.105583	0.238381	0.000190	
0.105574	0.128170	0.246984	-0.000009	
0.127990	0.151029	0.254228	-0.000179	
0.150861	0.174220	0.262115	-0.000168	
0.174196	0.197881	0.271449	-0.000024	
0.198003	0.222114	0.281907	0.000123	
0.222294	0.246945	0.292738	0.000180	
0.247077	0.272342	0.303353	0.000132	
0.272362	0.298250	0.313552	0.000021	
0.298160	0.324632	0.323474	-0.000090	
0.324481	0.351482	0.333425	-0.000151	
0.351336	0.378822	0.343697	-0.000146	
0.378736	0.406693	0.354470	-0.000087	
0.406691	0.435137	0.365783	-0.000002	
0.435212	0.464191	0.377563	0.000075	
0.464312	0.493875	0.389679	0.000121	
0.494002	0.524198	0.402003	0.000127	
0.524294	0.555158	0.414442	0.000097	
0.555201	0.586751	0.426961	0.000043	
0.586733	0.618973	0.439574	-0.000017	
0.618906	0.651827	0.452334	-0.000068	
0.651730	0.685322	0.465311	-0.000097	
0.685220	0.719472	0.478572	-0.000101	
0.719389	0.754300	0.492171	-0.000083	
0.754251	0.789828	0.506136	-0.000049	
0.789820	0.826079	0.520476	-0.000008	
0.826110	0.863075	0.535180	0.000031	
0.863136	0.900836	0.550226	0.000060	
0.900912	0.939379	0.565589	0.000076	
0.939455	0.978716	0.581246	0.000076	
0.978778	1.018859	0.597182	0.000063	
1.018900	1.059821	0.613391	0.000040	
1.059834	1.101613	0.629879	0.000013	
1.101599	1.144246	0.646659	-0.000014	
1.144210	1.187737	0.663750	-0.000036	
1.187686	1.232099	0.681173	-0.000051	
1.232043	1.277352	0.698952	-0.000056	
1.277299	1.323516	0.717106	-0.000053	
1.323473	1.370611	0.735650	-0.000043	
1.370583	1.418658	0.754598	-0.000027	
1.418649	1.467681	0.773957	-0.000010	
1.467689	1.517700	0.793731	0.000008	
1.517723	1.568738	0.813922	0.000023	
1.568772	1.620817	0.834532	0.000033	
1.620855	1.673957	0.855560	0.000038	
1.673995	1.728178	0.877010	0.000039	
1.728212	1.783503	0.898883	0.000034	
1.783529	1.839952	0.921187	0.000026	
1.839967	1.897545	0.943928	0.000015	
1.897550	1.956306	0.967116	0.000004	
1.956300	2.016256	0.990763	-0.000007	
2.016241	2.077419	1.014881	-0.000016	
2.077397	2.139819	1.039484	-0.000022	
2.139794	2.203481	1.064585	-0.000026	
2.203455	2.268432	1.090198	-0.000026	
2.268408	2.334697	1.116336	-0.000024	
2.334677	2.402304	1.143010	-0.000019	
2.402290	2.471281	1.170233	-0.000013	
2.471274	2.541657	1.198015	-0.000007	
2.541657	2.613460	1.226367	0.000000	
2.613467	2.686721	1.255300	0.000006	
2.686733	2.761469	1.284822	0.000011	
2.761484	2.837734	1.314945	0.000015	
2.837751	2.915547	1.345679	0.000017	
2.915564	2.994940	1.377033	0.000017	
2.994955	3.075943	1.409021	0.000015	
3.075956	3.158590	1.441654	0.000013	
3.158599	3.242912	1.474945	0.000009	
3.242917	3.328945	1.508906	0.000005	
3.328946	3.416721	1.543553	0.000001	
3.416718	3.506277	1.578899	-0.000003	
3.506271	3.597647	1.614960	-0.000006	
3.597639	3.690869	1.651750	-0.000008	
3.690859	3.785980	1.689287	-0.000010	
3.785970	3.883019	1.727584	-0.000010	
3.883009	3.982025	1.766660	-0.000010	
3.982016	4.083037	1.806529	-0.000009	
4.083030	4.186097	1.847209	-0.000007	
4.186092	4.291247	1.888715	-0.000005	
4.291244	4.398529	1.931065	-0.000003	
4.398528	4.507986	1.974276	-0.000001	
4.507987	4.619662	2.018364	0.000001	
4.619666	4.733604	2.063347	0.000003	
4.733608	4.849856	2.109243	0.000005	
4.849862	4.968466	2.156070	0.000006	
4.968472	5.089481	2.203845	0.000006	
5.089487	5.212950	2.252590	0.000006	
5.212956	5.338923	2.302321	0.000006	
5.338928	5.467451	2.353061	0.000005	
5.467455	5.598585	2.404828	0.000004	
5.598587	5.732377	2.457643	0.000003	
5.732379	5.868883	2.511529	0.000001	
5.868883	6.008156	2.566506	0.000000	
6.008154	6.150252	2.622597	-0.000001	
6.150250	6.295230	2.679825	-0.000002	
6.295227	6.443146	2.738213	-0.000003	
6.443143	6.594062	2.797785	-0.000003	
6.594058	6.748037	2.858565	-0.000004	
6.748033	6.905134	2.920577	-0.000004	
6.905131	7.065416	2.983847	-0.000003	
7.065413	7.228948	3.048400	-0.000003	
7.228945	7.395795	3.114263	-0.000002	
7.395793	7.566025	3.181462	-0.000002	
7.566024	7.739707	3.250023	-0.000001	
7.739707	7.916911	3.319976	-0.000000	
7.916911	8.097707	3.391347	0.000000	
8.097708	8.282169	3.464165	0.000001	
8.282171	8.470372	3.538460	0.000001	
8.470374	8.662391	3.614261	0.000002	
8.662393	8.858303	3.691600	0.000002	
8.858305	9.058187	3.770506	0.000002	
9.058189	9.262125	3.851012	0.000002	
9.262127	9.470197	3.933150	0.000002	
9.470199	9.682489	4.016954	0.000002	
9.682490	9.899085	4.102456	0.000001	
9.899086	10.120072	4.189692	0.000001	
10.120073	10.345540	4.278696	0.000001	
10.345541	10.575580	4.369505	0.000000	
10.575580	10.810284	4.462155	-0.000000	
10.810283	11.049746	4.556683	-0.000000	
11.049746	11.294064	4.653127	-0.000001	
11.294063	11.543336	4.751528	-0.000001	
11.543335	11.797661	4.851923	-0.000001	
11.797660	12.057143	4.954354	-0.000001	
12.057142	12.321887	5.058861	-0.000001	
12.321886	12.591998	5.165488	-0.000001	
12.591997	12.869085	5.289275	-0.000001	
12.867585	13.145769	5.340649	-0.001501	
13.148760	13.433256	5.504027	0.002992	
13.435637	13.731404	5.668131	0.002381	
13.728330	14.032484	5.757082	-0.003073	
14.026958	14.334976	5.831412	-0.005526	
14.331641	14.636994	5.887175	-0.003334	
14.642502	14.951905	6.076518	0.005508	
14.959665	15.279460	6.265930	0.007760	
15.283259	15.614941	6.410696	0.003799	
15.613415	15.955109	6.524669	-0.001526	
15.950264	16.300043	6.640359	-0.004845	
16.293943	16.647842	6.738005	-0.006099	
16.644591	17.000053	6.851682	-0.003251	
17.002348	17.368423	7.083703	0.002295	
17.367359	17.742542	7.214878	-0.001064	
17.739771	18.117292	7.296007	-0.002771	
18.119734	18.500421	7.454750	0.002442	
18.507401	18.895762	7.653494	0.006980	
18.902928	18.517847	0.000000	0.007166	
0.000000	0.020268	0.202678	0.000000	
0.020276	0.041006	0.211436	0.000008	
0.040963	0.061999	0.218131	-0.000043	
0.062069	0.083602	0.228432	0.000070	
0.083603	0.105637	0.237071	0.000001	
0.105574	0.128018	0.244937	-0.000063	
0.127990	0.150823	0.253647	-0.000028	
0.150861	0.174138	0.263315	0.000039	
0.174196	0.197982	0.273266	0.000058	
0.198003	0.222323	0.283009	0.000022	
0.222294	0.247130	0.292540	-0.000029	
0.247077	0.272402	0.302141	-0.000054	
0.272362	0.298163	0.312089	-0.000040	
0.298160	0.324449	0.322493	-0.000002	
0.324481	0.351289	0.333294	0.000033	
0.351336	0.378699	0.344356	0.000047	
0.378736	0.406681	0.355556	0.000037	
0.406691	0.435231	0.366840	0.000010	
0.435212	0.464349	0.378228	-0.000019	
0.464312	0.494041	0.389790	-0.000037	
0.494002	0.524320	0.401600	-0.000039	
0.524294	0.555206	0.413717	-0.000026	
0.555201	0.586718	0.426162	-0.000005	
0.586733	0.618876	0.438929	0.000016	
0.618906	0.651698	0.451989	0.000029	
0.651730	0.685195	0.465310	0.000032	
0.685220	0.719378	0.478868	0.000025	
0.719389	0.754255	0.492653	0.000012	
0.754251	0.789837	0.506671	-0.000004	
0.789820	0.826135	0.520941	-0.000017	
0.826110	0.863161	0.535489	-0.000025	
0.863136	0.900932	0.550339	-0.000025	
0.900912	0.939464	0.565511	-0.000019	
0.939455	0.978777	0.581020	-0.000010	
0.978778	1.018888	0.596869	0.000002	
1.018900	1.059816	0.613061	0.000011	
1.059834	1.101579	0.629590	0.000018	
1.101599	1.144193	0.646454	0.000020	
1.144210	1.187674	0.663650	0.000018	
1.187686	1.232038	0.681179	0.000012	
1.232043	1.277302	0.699047	0.000004	
1.277299	1.323483	0.717263	-0.000003	
1.323473	1.370597	0.735838	-0.000010	
1.370583	1.418663	0.754785	-0.000014	
1.418649	1.467702	0.774117	-0.000015	
1.467689	1.517732	0.793846	-0.000013	
1.517723	1.568776	0.813984	-0.000010	
1.568772	1.620855	0.834541	-0.000005	
1.620855	1.673990	0.855522	0.000001	
1.673995	1.728204	0.876937	0.000005	
1.728212	1.783519	0.898789	0.000009	
1.783529	1.839957	0.921085	0.000010	
1.839967	1.897541	0.943832	0.000010	
1.897550	1.956293	0.967035	0.000009	
1.956300	2.016238	0.990704	0.000006	
2.016241	2.077398	1.014847	0.000003	
2.077397	2.139798	1.039475	-0.000001	
2.139794	2.203461	1.064598	-0.000004	
2.203455	2.268415	1.090229	-0.000006	
2.268408	2.334685	1.116379	-0.000007	
2.334677	2.402297	1.143059	-0.000007	
2.402290	2.471279	1.170283	-0.000006	
2.471274	2.541660	1.198062	-0.000005	
2.541657	2.613467	1.226407	-0.000003	
2.613467	2.686731	1.255330	-0.000001	
2.686733	2.761481	1.284842	0.000002	
2.761484	2.837746	1.314953	0.000003	
2.837751	2.915559	1.345676	0.000004	
2.915564	2.994950	1.377023	0.000005	
2.994955	3.075951	1.409003	0.000005	
3.075956	3.158596	1.441631	0.000004	
3.158599	3.242916	1.474919	0.000003	
3.242917	3.328945	1.508880	0.000002	
3.328946	3.416719	1.543528	0.000000	
3.416718	3.506273	1.578878	-0.000001	
3.506271	3.597641	1.614943	-0.000002	
3.597639	3.690862	1.651738	-0.000003	
3.690859	3.785973	1.689280	-0.000003	
3.785970	3.883012	1.727583	-0.000003	
3.883009	3.982018	1.766663	-0.000003	
3.982016	4.083031	1.806537	-0.000002	
4.083030	4.186093	1.847220	-0.000002	
4.186092	4.291244	1.888729	-0.000001	
4.291244	4.398527	1.931080	0.000000	
4.398528	4.507986	1.974291	0.000001	
4.507987	4.619664	2.018378	0.000001	
4.619666	4.733606	2.063360	0.000002	
4.733608	4.849860	2.109253	0.000002	
4.849862	4.968470	2.156077	0.000002	
4.968472	5.089486	2.203850	0.000002	
5.089487	5.212955	2.252591	0.000002	
5.212956	5.338928	2.302319	0.000001	
5.338928	5.467455	2.353056	0.000001	
5.467455	5.598588	2.404821	0.000000	
5.598587	5.732380	2.457635	-0.000000	
5.732379	5.868884	2.511519	-0.000001	
5.868883	6.008156	2.566496	-0.000001	
6.008154	6.150251	2.622587	-0.000001	
6.150250	6.295228	2.679816	-0.000001	
6.295227	6.443144	2.738206	-0.000001	
6.443143	6.594059	2.797779	-0.000001	
6.594058	6.748034	2.858561	-0.000001	
6.748033	6.905131	2.920575	-0.000001	
6.905131	7.065413	2.983848	-0.000000	
7.065413	7.228945	3.048403	0.000000	
7.228945	7.395793	3.114267	0.000000	
7.395793	7.566024	3.181467	0.000001	
7.566024	7.739706	3.250029	0.000001	
7.739707	7.916910	3.319982	0.000001	
7.916911	8.097707	3.391353	0.000001	
8.097708	8.282170	3.464171	0.000001	
8.282171	8.470373	3.538465	0.000001	
8.470374	8.662392	3.614265	0.000001	
8.662393	8.858305	3.691603	0.000000	
8.858305	9.058189	3.770508	0.000000	
9.058189	9.262127	3.851013	0.000000	
9.262127	9.470199	3.933150	-0.000000	
9.470199	9.682491	4.016952	-0.000000	
9.682490	9.899086	4.102454	-0.000000	
9.899086	10.120073	4.189689	-0.000000	
10.120073	10.345541	4.278693	-0.000000	
10.345541	10.575580	4.369501	-0.000000	
10.575580	10.810284	4.462151	-0.000000	
10.810283	11.049746	4.556679	-0.000000	
11.049746	11.294064	4.653124	-0.000000	
11.294063	11.543335	4.751525	-0.000000	
11.543335	11.797660	4.851921	-0.000000	
11.797660	12.057142	4.954353	0.000000	
12.057142	12.321885	5.058861	0.000000	
12.321886	12.591997	5.165489	0.000000	
12.591997	12.867799	5.276419	0.000000	
12.867585	13.147936	5.374938	-0.000214	
13.148760	13.436079	5.511015	0.000824	
13.435637	13.729531	5.621735	-0.000442	
13.728330	14.026835	5.718942	-0.001201	
14.026958	14.330297	5.839990	0.000124	
14.331641	14.640735	5.970435	0.001344	
14.642502	14.960483	6.125627	0.001767	
14.959665	15.285586	6.243127	-0.000818	
15.283259	15.614874	6.350000	-0.002326	
15.613415	15.949862	6.472856	-0.001459	
15.950264	16.292405	6.615405	0.000402	
16.293943	16.642640	6.760823	0.001538	
16.644591	17.001143	6.913561	0.001951	
17.002348	17.368926	7.078064	0.001205	
17.367359	17.741049	7.195010	-0.001567	
17.739771	18.119375	7.331468	-0.001278	
18.119734	18.507426	7.504385	0.000359	
18.507401	18.904054	7.667763	-0.000025	
18.902928	18.525972	0.000000	-0.001125	
0.000000	0.020275	0.202746	0.000000	
0.020276	0.040971	0.211018	0.000001	
0.040963	0.062047	0.218960	-0.000008	
0.062069	0.083621	0.228141	0.000021	
0.083603	0.105586	0.236382	-0.000017	
0.105574	0.127975	0.245005	-0.000012	
0.127990	0.150844	0.254287	0.000015	
0.150861	0.174200	0.263722	0.000017	
0.174196	0.198022	0.273059	-0.000004	
0.198003	0.222306	0.282450	-0.000018	
0.222294	0.247072	0.292123	-0.000012	
0.247077	0.272346	0.302154	0.000004	
0.272362	0.298146	0.312469	0.000016	
0.298160	0.324479	0.322958	0.000014	
0.324481	0.351346	0.333566	0.000002	
0.351336	0.378750	0.344311	-0.000010	
0.378736	0.406701	0.355257	-0.000015	
0.406691	0.435213	0.366461	-0.000011	
0.435212	0.464304	0.377951	-0.000001	
0.464312	0.493990	0.389718	0.000008	
0.494002	0.524284	0.401738	0.000013	
0.524294	0.555197	0.413984	0.000011	
0.555201	0.586737	0.426444	0.000004	
0.586733	0.618915	0.439124	-0.000004	
0.618906	0.651741	0.452042	-0.000009	
0.651730	0.685228	0.465222	-0.000010	
0.685220	0.719392	0.478684	-0.000008	
0.719389	0.754248	0.492441	-0.000002	
0.754251	0.789813	0.506497	0.000003	
0.789820	0.826101	0.520849	0.000007	
0.826110	0.863129	0.535493	0.000009	
0.863136	0.900909	0.550426	0.000007	
0.900912	0.939455	0.565648	0.000004	
0.939455	0.978783	0.581166	-0.000001	
0.978778	1.018906	0.596990	-0.000004	
1.018900	1.059841	0.613130	-0.000006	
1.059834	1.101604	0.629599	-0.000007	
1.101599	1.144213	0.646408	-0.000005	
1.144210	1.187685	0.663567	-0.000002	
1.187686	1.232040	0.681081	0.000001	
1.232043	1.277294	0.698956	0.000003	
1.277299	1.323468	0.717196	0.000005	
1.323473	1.370579	0.735805	0.000005	
1.370583	1.418646	0.754787	0.000004	
1.418649	1.467688	0.774150	0.000002	
1.467689	1.517725	0.793900	0.000000	
1.517723	1.568775	0.814047	-0.000002	
1.568772	1.620859	0.834599	-0.000003	
1.620855	1.673999	0.855568	-0.000004	
1.673995	1.728215	0.876963	-0.000004	
1.728212	1.783530	0.898795	-0.000003	
1.783529	1.839967	0.921072	-0.000001	
1.839967	1.897548	0.943804	0.000000	
1.897550	1.956297	0.967000	0.000001	
1.956300	2.016238	0.990667	0.000002	
2.016241	2.077394	1.014814	0.000003	
2.077397	2.139792	1.039450	0.000003	
2.139794	2.203454	1.064584	0.000002	
2.203455	2.268408	1.090226	0.000001	
2.268408	2.334678	1.116385	0.000000	
2.334677	2.402292	1.143074	-0.000001	
2.402290	2.471276	1.170303	-0.000001	
2.471274	2.541659	1.198083	-0.000002	
2.541657	2.613469	1.226427	-0.000002	
2.613467	2.686734	1.255346	-0.000002	
2.686733	2.761485	1.284853	-0.000001	
2.761484	2.837751	1.314959	-0.000001	
2.837751	2.915563	1.345676	-0.000000	
2.915564	2.994954	1.377018	0.000001	
2.994955	3.075954	1.408995	0.000001	
3.075956	3.158597	1.441621	0.000001	
3.158599	3.242916	1.474908	0.000001	
3.242917	3.328945	1.508869	0.000001	
3.328946	3.416718	1.543519	0.000001	
3.416718	3.506270	1.578871	0.000001	
3.506271	3.597639	1.614938	0.000000	
3.597639	3.690860	1.651737	-0.000000	
3.690859	3.785971	1.689281	-0.000001	
3.785970	3.883010	1.727586	-0.000001	
3.883009	3.982017	1.766668	-0.000001	
3.982016	4.083031	1.806543	-0.000001	
4.083030	4.186093	1.847226	-0.000001	
4.186092	4.291244	1.888735	-0.000001	
4.291244	4.398528	1.931085	-0.000000	
4.398528	4.507987	1.974295	-0.000000	
4.507987	4.619665	2.018381	0.000000	
4.619666	4.733608	2.063361	0.000000	
4.733608	4.849861	2.109253	0.000001	
4.849862	4.968471	2.156076	0.000001	
4.968472	5.089487	2.203847	0.000001	
5.089487	5.212956	2.252588	0.000001	
5.212956	5.338928	2.302316	0.000000	
5.338928	5.467455	2.353053	0.000000	
5.467455	5.598588	2.404818	0.000000	
5.598587	5.732379	2.457632	-0.000000	
5.732379	5.868883	2.511517	-0.000000	
5.868883	6.008155	2.566495	-0.000000	
6.008154	6.150250	2.622587	-0.000000	
6.150250	6.295227	2.679816	-0.000000	
6.295227	6.443143	2.738206	-0.000000	
6.443143	6.594058	2.797781	-0.000000	
6.594058	6.748034	2.858563	-0.000000	
6.748033	6.905131	2.920577	-0.000000	
6.905131	7.065413	2.983849	0.000000	
7.065413	7.228945	3.048405	0.000000	
7.228945	7.395793	3.114269	0.000000	
7.395793	7.566024	3.181468	0.000000	
7.566024	7.739707	3.250030	0.000000	
7.739707	7.916911	3.319983	0.000000	
7.916911	8.097708	3.391353	0.000000	
8.097708	8.282171	3.464171	0.000000	
8.282171	8.470374	3.538464	0.000000	
8.470374	8.662393	3.614265	0.000000	
8.662393	8.858305	3.691602	-0.000000	
8.858305	9.058190	3.770507	-0.000000	
9.058189	9.262127	3.851011	-0.000000	
9.262127	9.470199	3.933149	-0.000000	
9.470199	9.682490	4.016951	-0.000000	
9.682490	9.899086	4.102453	-0.000000	
9.899086	10.120073	4.189688	-0.000000	
10.120073	10.345541	4.278692	-0.000000	
10.345541	10.575580	4.369501	-0.000000	
10.575580	10.810283	4.462151	-0.000000	
10.810283	11.049746	4.556680	-0.000000	
11.049746	11.294063	4.653125	0.000000	
11.294063	11.543335	4.751526	0.000000	
11.543335	11.797660	4.851922	0.000000	
11.797660	12.057142	4.954353	0.000000	
12.057142	12.321886	5.058862	0.000000	
12.321886	12.591997	5.165489	0.000000	
12.591997	12.867615	5.274584	0.000000	
12.867585	13.148586	5.383233	-0.000030	
13.148760	13.435917	5.503023	0.000174	
13.435637	13.728406	5.612077	-0.000280	
13.728330	14.026574	5.727360	-0.000076	
14.026958	14.331456	5.854131	0.000384	
14.331641	14.642696	5.978691	0.000186	
14.642502	14.960346	6.105047	-0.000194	
14.959665	15.283340	6.222000	-0.000681	
15.283259	15.612785	6.351124	-0.000080	
15.613415	15.949664	6.491342	0.000629	
15.950264	16.293937	6.632666	0.000600	
16.293943	16.645011	6.769524	0.000006	
16.644591	17.002928	6.908174	-0.000420	
17.002348	17.367917	7.050480	-0.000580	
17.367359	17.739306	7.187475	-0.000558	
17.739771	18.118984	7.344638	0.000465	
18.119734	18.507336	7.507314	0.000750	
18.507401	18.903158	7.659685	0.000065	
18.902928	18.525094	0.000000	-0.000230	
