0.000000 0.000000 0.145444 0.185302 0.039858 
1.000000 0.000000 0.176062 0.205891 0.029829 
2.000000 0.000000 0.202879 0.228768 0.025889 
3.000000 0.000000 0.231048 0.254187 0.023139 
4.000000 0.000000 0.261981 0.282430 0.020448 
5.000000 0.000000 0.291617 0.313811 0.022194 
6.000000 0.000000 0.328457 0.348678 0.020221 
7.000000 0.000000 0.365013 0.387420 0.022408 
8.000000 0.000000 0.386584 0.430467 0.043883 
9.000000 0.000000 0.355201 0.387420 0.032219 
10.000000 0.000000 0.330614 0.348678 0.018064 
11.000000 0.000000 0.296438 0.313811 0.017372 
12.000000 0.000000 0.266094 0.282430 0.016336 
13.000000 0.000000 0.235687 0.254187 0.018500 
14.000000 0.000000 0.204784 0.228768 0.023984 
15.000000 0.000000 0.176512 0.205891 0.029379 
0.000000 1.000000 0.168057 0.205891 0.037834 
1.000000 1.000000 0.201688 0.228768 0.027080 
2.000000 1.000000 0.233222 0.254187 0.020965 
3.000000 1.000000 0.266148 0.282430 0.016281 
4.000000 1.000000 0.298805 0.313811 0.015006 
5.000000 1.000000 0.334011 0.348678 0.014667 
6.000000 1.000000 0.374241 0.387420 0.013180 
7.000000 1.000000 0.415351 0.430467 0.015117 
8.000000 1.000000 0.446026 0.478297 0.032271 
9.000000 1.000000 0.410527 0.430467 0.019940 
10.000000 1.000000 0.374738 0.387420 0.012683 
11.000000 1.000000 0.334761 0.348678 0.013918 
12.000000 1.000000 0.298872 0.313811 0.014939 
13.000000 1.000000 0.268360 0.282430 0.014070 
14.000000 1.000000 0.233932 0.254187 0.020254 
15.000000 1.000000 0.203112 0.228768 0.025656 
0.000000 2.000000 0.194356 0.228768 0.034412 
1.000000 2.000000 0.225393 0.254187 0.028794 
2.000000 2.000000 0.263036 0.282430 0.019394 
3.000000 2.000000 0.299830 0.313811 0.013981 
4.000000 2.000000 0.336497 0.348678 0.012181 
5.000000 2.000000 0.378288 0.387420 0.009132 
6.000000 2.000000 0.420826 0.430467 0.009641 
7.000000 2.000000 0.468269 0.478297 0.010028 
8.000000 2.000000 0.514518 0.531441 0.016923 
9.000000 2.000000 0.468782 0.478297 0.009515 
10.000000 2.000000 0.421104 0.430467 0.009363 
11.000000 2.000000 0.377986 0.387420 0.009435 
12.000000 2.000000 0.336071 0.348678 0.012608 
13.000000 2.000000 0.300709 0.313811 0.013102 
14.000000 2.000000 0.264954 0.282430 0.017475 
15.000000 2.000000 0.226045 0.254187 0.028142 
0.000000 3.000000 0.216936 0.254187 0.037251 
1.000000 3.000000 0.255767 0.282430 0.026663 
2.000000 3.000000 0.297099 0.313811 0.016712 
3.000000 3.000000 0.336875 0.348678 0.011803 
4.000000 3.000000 0.378949 0.387420 0.008472 
5.000000 3.000000 0.423474 0.430467 0.006993 
6.000000 3.000000 0.471926 0.478297 0.006371 
7.000000 3.000000 0.525462 0.531441 0.005979 
8.000000 3.000000 0.582544 0.590490 0.007946 
9.000000 3.000000 0.525719 0.531441 0.005722 
10.000000 3.000000 0.472441 0.478297 0.005856 
11.000000 3.000000 0.423752 0.430467 0.006715 
12.000000 3.000000 0.378242 0.387420 0.009178 
13.000000 3.000000 0.337915 0.348678 0.010763 
14.000000 3.000000 0.299002 0.313811 0.014809 
15.000000 3.000000 0.260565 0.282430 0.021865 
0.000000 4.000000 0.244445 0.282430 0.037984 
1.000000 4.000000 0.284821 0.313811 0.028990 
2.000000 4.000000 0.330308 0.348678 0.018370 
3.000000 4.000000 0.375779 0.387420 0.011642 
4.000000 4.000000 0.422912 0.430467 0.007555 
5.000000 4.000000 0.473289 0.478297 0.005007 
6.000000 4.000000 0.527013 0.531441 0.004428 
7.000000 4.000000 0.586809 0.590490 0.003681 
8.000000 4.000000 0.653093 0.656100 0.003007 
9.000000 4.000000 0.586686 0.590490 0.003804 
10.000000 4.000000 0.527332 0.531441 0.004109 
11.000000 4.000000 0.472465 0.478297 0.005832 
12.000000 4.000000 0.422850 0.430467 0.007618 
13.000000 4.000000 0.376966 0.387420 0.010454 
14.000000 4.000000 0.330881 0.348678 0.017797 
15.000000 4.000000 0.293083 0.313811 0.020728 
0.000000 5.000000 0.270097 0.313811 0.043713 
1.000000 5.000000 0.321080 0.348678 0.027598 
2.000000 5.000000 0.369577 0.387420 0.017843 
3.000000 5.000000 0.419640 0.430467 0.010827 
4.000000 5.000000 0.471752 0.478297 0.006545 
5.000000 5.000000 0.527696 0.531441 0.003745 
6.000000 5.000000 0.587934 0.590490 0.002556 
7.000000 5.000000 0.654902 0.656100 0.001198 
8.000000 5.000000 0.727424 0.729000 0.001576 
9.000000 5.000000 0.654315 0.656100 0.001785 
10.000000 5.000000 0.587524 0.590490 0.002966 
11.000000 5.000000 0.527366 0.531441 0.004075 
12.000000 5.000000 0.470701 0.478297 0.007596 
13.000000 5.000000 0.417735 0.430467 0.012732 
14.000000 5.000000 0.368843 0.387420 0.018577 
15.000000 5.000000 0.319611 0.348678 0.029068 
0.000000 6.000000 0.303859 0.348678 0.044820 
1.000000 6.000000 0.353836 0.387420 0.033585 
2.000000 6.000000 0.415726 0.430467 0.014741 
3.000000 6.000000 0.466221 0.478297 0.012076 
4.000000 6.000000 0.523776 0.531441 0.007665 
5.000000 6.000000 0.585753 0.590490 0.004737 
6.000000 6.000000 0.654612 0.656100 0.001488 
7.000000 6.000000 0.728379 0.729000 0.000621 
8.000000 6.000000 0.809617 0.810000 0.000383 
9.000000 6.000000 0.727534 0.729000 0.001466 
10.000000 6.000000 0.654360 0.656100 0.001740 
11.000000 6.000000 0.586619 0.590490 0.003871 
12.000000 6.000000 0.523490 0.531441 0.007951 
13.000000 6.000000 0.464298 0.478297 0.013999 
14.000000 6.000000 0.410415 0.430467 0.020052 
15.000000 6.000000 0.352865 0.387420 0.034556 
0.000000 7.000000 0.332706 0.387420 0.054715 
1.000000 7.000000 0.394401 0.430467 0.036066 
2.000000 7.000000 0.445783 0.478297 0.032514 
3.000000 7.000000 0.504924 0.531441 0.026517 
4.000000 7.000000 0.581129 0.590490 0.009361 
5.000000 7.000000 0.649103 0.656100 0.006997 
6.000000 7.000000 0.728122 0.729000 0.000877 
7.000000 7.000000 0.809690 0.810000 0.000310 
8.000000 7.000000 0.899886 0.900000 0.000114 
9.000000 7.000000 0.809467 0.810000 0.000533 
10.000000 7.000000 0.727072 0.729000 0.001928 
11.000000 7.000000 0.651411 0.656100 0.004689 
12.000000 7.000000 0.581576 0.590490 0.008914 
13.000000 7.000000 0.513198 0.531441 0.018243 
14.000000 7.000000 0.451111 0.478297 0.027186 
15.000000 7.000000 0.385438 0.430467 0.045030 
0.000000 8.000000 0.338024 0.430467 0.092443 
1.000000 8.000000 0.405118 0.478297 0.073179 
2.000000 8.000000 0.468080 0.531441 0.063361 
3.000000 8.000000 0.553915 0.590490 0.036575 
4.000000 8.000000 0.632362 0.656100 0.023738 
5.000000 8.000000 0.719339 0.729000 0.009661 
6.000000 8.000000 0.805852 0.810000 0.004148 
7.000000 8.000000 0.898263 0.900000 0.001737 
8.000000 8.000000 1.000000 1.000000 0.000000 
9.000000 8.000000 0.899242 0.900000 0.000758 
10.000000 8.000000 0.803231 0.810000 0.006769 
11.000000 8.000000 0.716852 0.729000 0.012148 
12.000000 8.000000 0.633100 0.656100 0.023000 
13.000000 8.000000 0.565388 0.590490 0.025102 
14.000000 8.000000 0.485107 0.531441 0.046334 
15.000000 8.000000 0.416863 0.478297 0.061434 
0.000000 9.000000 0.342474 0.387420 0.044947 
1.000000 9.000000 0.388310 0.430467 0.042157 
2.000000 9.000000 0.445338 0.478297 0.032959 
3.000000 9.000000 0.512507 0.531441 0.018934 
4.000000 9.000000 0.583244 0.590490 0.007246 
5.000000 9.000000 0.649921 0.656100 0.006179 
6.000000 9.000000 0.725230 0.729000 0.003770 
7.000000 9.000000 0.807996 0.810000 0.002004 
8.000000 9.000000 0.899448 0.900000 0.000552 
9.000000 9.000000 0.808107 0.810000 0.001893 
10.000000 9.000000 0.722469 0.729000 0.006531 
11.000000 9.000000 0.645396 0.656100 0.010704 
12.000000 9.000000 0.575672 0.590490 0.014818 
13.000000 9.000000 0.510104 0.531441 0.021336 
14.000000 9.000000 0.448800 0.478297 0.029497 
15.000000 9.000000 0.395785 0.430467 0.034682 
0.000000 10.000000 0.303230 0.348678 0.045449 
1.000000 10.000000 0.352520 0.387420 0.034900 
2.000000 10.000000 0.407718 0.430467 0.022749 
3.000000 10.000000 0.463996 0.478297 0.014301 
4.000000 10.000000 0.524637 0.531441 0.006804 
5.000000 10.000000 0.585075 0.590490 0.005415 
6.000000 10.000000 0.652469 0.656100 0.003631 
7.000000 10.000000 0.726112 0.729000 0.002888 
8.000000 10.000000 0.806476 0.810000 0.003524 
9.000000 10.000000 0.725903 0.729000 0.003097 
10.000000 10.000000 0.651419 0.656100 0.004681 
11.000000 10.000000 0.580600 0.590490 0.009890 
12.000000 10.000000 0.517051 0.531441 0.014390 
13.000000 10.000000 0.457398 0.478297 0.020898 
14.000000 10.000000 0.406123 0.430467 0.024344 
15.000000 10.000000 0.350005 0.387420 0.037416 
0.000000 11.000000 0.273540 0.313811 0.040270 
1.000000 11.000000 0.319866 0.348678 0.028813 
2.000000 11.000000 0.366925 0.387420 0.020495 
3.000000 11.000000 0.418353 0.430467 0.012114 
4.000000 11.000000 0.467640 0.478297 0.010656 
5.000000 11.000000 0.524868 0.531441 0.006573 
6.000000 11.000000 0.586037 0.590490 0.004453 
7.000000 11.000000 0.650624 0.656100 0.005476 
8.000000 11.000000 0.721289 0.729000 0.007711 
9.000000 11.000000 0.647941 0.656100 0.008159 
10.000000 11.000000 0.583116 0.590490 0.007374 
11.000000 11.000000 0.520058 0.531441 0.011383 
12.000000 11.000000 0.461007 0.478297 0.017290 
13.000000 11.000000 0.409990 0.430467 0.020477 
14.000000 11.000000 0.363210 0.387420 0.024211 
15.000000 11.000000 0.318984 0.348678 0.029694 
0.000000 12.000000 0.248063 0.282430 0.034367 
1.000000 12.000000 0.286142 0.313811 0.027669 
2.000000 12.000000 0.327629 0.348678 0.021049 
3.000000 12.000000 0.371440 0.387420 0.015980 
4.000000 12.000000 0.419407 0.430467 0.011061 
5.000000 12.000000 0.468798 0.478297 0.009499 
6.000000 12.000000 0.525244 0.531441 0.006197 
7.000000 12.000000 0.582130 0.590490 0.008360 
8.000000 12.000000 0.639810 0.656100 0.016290 
9.000000 12.000000 0.575734 0.590490 0.014756 
10.000000 12.000000 0.518165 0.531441 0.013276 
11.000000 12.000000 0.464289 0.478297 0.014008 
12.000000 12.000000 0.414050 0.430467 0.016417 
13.000000 12.000000 0.365019 0.387420 0.022401 
14.000000 12.000000 0.325908 0.348678 0.022770 
15.000000 12.000000 0.281114 0.313811 0.032697 
0.000000 13.000000 0.216431 0.254187 0.037756 
1.000000 13.000000 0.251308 0.282430 0.031122 
2.000000 13.000000 0.288376 0.313811 0.025434 
3.000000 13.000000 0.329770 0.348678 0.018908 
4.000000 13.000000 0.370273 0.387420 0.017148 
5.000000 13.000000 0.416676 0.430467 0.013791 
6.000000 13.000000 0.466427 0.478297 0.011870 
7.000000 13.000000 0.516785 0.531441 0.014656 
8.000000 13.000000 0.566992 0.590490 0.023498 
9.000000 13.000000 0.510801 0.531441 0.020640 
10.000000 13.000000 0.460990 0.478297 0.017307 
11.000000 13.000000 0.412227 0.430467 0.018240 
12.000000 13.000000 0.367640 0.387420 0.019781 
13.000000 13.000000 0.322675 0.348678 0.026003 
14.000000 13.000000 0.283299 0.313811 0.030512 
15.000000 13.000000 0.248700 0.282430 0.033729 
0.000000 14.000000 0.189642 0.228768 0.039126 
1.000000 14.000000 0.220292 0.254187 0.033895 
2.000000 14.000000 0.253850 0.282430 0.028579 
3.000000 14.000000 0.292658 0.313811 0.021152 
4.000000 14.000000 0.328417 0.348678 0.020262 
5.000000 14.000000 0.369030 0.387420 0.018391 
6.000000 14.000000 0.411284 0.430467 0.019184 
7.000000 14.000000 0.458250 0.478297 0.020047 
8.000000 14.000000 0.494877 0.531441 0.036564 
9.000000 14.000000 0.443723 0.478297 0.034574 
10.000000 14.000000 0.404146 0.430467 0.026322 
11.000000 14.000000 0.366316 0.387420 0.021105 
12.000000 14.000000 0.322775 0.348678 0.025904 
13.000000 14.000000 0.285662 0.313811 0.028149 
14.000000 14.000000 0.249873 0.282430 0.032556 
15.000000 14.000000 0.219643 0.254187 0.034544 
0.000000 15.000000 0.158195 0.205891 0.047696 
1.000000 15.000000 0.184525 0.228768 0.044243 
2.000000 15.000000 0.216586 0.254187 0.037601 
3.000000 15.000000 0.246072 0.282430 0.036357 
4.000000 15.000000 0.286563 0.313811 0.027247 
5.000000 15.000000 0.317466 0.348678 0.031212 
6.000000 15.000000 0.358724 0.387420 0.028696 
7.000000 15.000000 0.393424 0.430467 0.037043 
8.000000 15.000000 0.413634 0.478297 0.064663 
9.000000 15.000000 0.382084 0.430467 0.048383 
10.000000 15.000000 0.353065 0.387420 0.034355 
11.000000 15.000000 0.312367 0.348678 0.036311 
12.000000 15.000000 0.278165 0.313811 0.035646 
13.000000 15.000000 0.246789 0.282430 0.035640 
14.000000 15.000000 0.214073 0.254187 0.040113 
15.000000 15.000000 0.183931 0.228768 0.044837 
