0.000000 0.000000 0.082821 0.185302 0.102481 
1.000000 0.000000 0.092764 0.205891 0.113127 
2.000000 0.000000 0.106291 0.228768 0.122477 
3.000000 0.000000 0.119871 0.254187 0.134315 
4.000000 0.000000 0.134688 0.282430 0.147742 
5.000000 0.000000 0.153189 0.313811 0.160621 
6.000000 0.000000 0.173910 0.348678 0.174768 
7.000000 0.000000 0.189009 0.387420 0.198412 
8.000000 0.000000 0.205567 0.430467 0.224900 
9.000000 0.000000 0.194792 0.387420 0.192629 
10.000000 0.000000 0.171035 0.348678 0.177643 
11.000000 0.000000 0.156898 0.313811 0.156912 
12.000000 0.000000 0.135783 0.282430 0.146646 
13.000000 0.000000 0.118662 0.254187 0.135525 
14.000000 0.000000 0.106089 0.228768 0.122679 
15.000000 0.000000 0.094152 0.205891 0.111739 
0.000000 1.000000 0.093291 0.205891 0.112600 
1.000000 1.000000 0.105652 0.228768 0.123116 
2.000000 1.000000 0.119706 0.254187 0.134480 
3.000000 1.000000 0.139869 0.282430 0.142561 
4.000000 1.000000 0.156420 0.313811 0.157390 
5.000000 1.000000 0.175589 0.348678 0.173090 
6.000000 1.000000 0.202524 0.387420 0.184896 
7.000000 1.000000 0.218065 0.430467 0.212402 
8.000000 1.000000 0.243561 0.478297 0.234736 
9.000000 1.000000 0.221375 0.430467 0.209092 
10.000000 1.000000 0.196350 0.387420 0.191071 
11.000000 1.000000 0.177191 0.348678 0.171487 
12.000000 1.000000 0.156460 0.313811 0.157351 
13.000000 1.000000 0.136649 0.282430 0.145781 
14.000000 1.000000 0.122974 0.254187 0.131213 
15.000000 1.000000 0.105751 0.228768 0.123017 
0.000000 2.000000 0.105855 0.228768 0.122913 
1.000000 2.000000 0.120540 0.254187 0.133646 
2.000000 2.000000 0.139109 0.282430 0.143321 
3.000000 2.000000 0.163040 0.313811 0.150771 
4.000000 2.000000 0.182827 0.348678 0.165851 
5.000000 2.000000 0.204516 0.387420 0.182904 
6.000000 2.000000 0.239540 0.430467 0.190928 
7.000000 2.000000 0.250521 0.478297 0.227776 
8.000000 2.000000 0.282918 0.531441 0.248523 
9.000000 2.000000 0.258572 0.478297 0.219725 
10.000000 2.000000 0.229778 0.430467 0.200689 
11.000000 2.000000 0.207697 0.387420 0.179723 
12.000000 2.000000 0.176653 0.348678 0.172025 
13.000000 2.000000 0.159470 0.313811 0.154341 
14.000000 2.000000 0.138057 0.282430 0.144372 
15.000000 2.000000 0.120615 0.254187 0.133572 
0.000000 3.000000 0.121450 0.254187 0.132736 
1.000000 3.000000 0.141259 0.282430 0.141171 
2.000000 3.000000 0.163225 0.313811 0.150585 
3.000000 3.000000 0.184130 0.348678 0.164548 
4.000000 3.000000 0.214024 0.387420 0.173396 
5.000000 3.000000 0.241819 0.430467 0.188649 
6.000000 3.000000 0.270877 0.478297 0.207420 
7.000000 3.000000 0.298844 0.531441 0.232597 
8.000000 3.000000 0.324441 0.590490 0.266049 
9.000000 3.000000 0.303854 0.531441 0.227587 
10.000000 3.000000 0.268154 0.478297 0.210143 
11.000000 3.000000 0.237400 0.430467 0.193067 
12.000000 3.000000 0.212328 0.387420 0.175093 
13.000000 3.000000 0.185352 0.348678 0.163327 
14.000000 3.000000 0.160161 0.313811 0.153650 
15.000000 3.000000 0.138958 0.282430 0.143471 
0.000000 4.000000 0.140971 0.282430 0.141458 
1.000000 4.000000 0.161532 0.313811 0.152279 
2.000000 4.000000 0.187551 0.348678 0.161128 
3.000000 4.000000 0.214576 0.387420 0.172845 
4.000000 4.000000 0.246228 0.430467 0.184239 
5.000000 4.000000 0.279691 0.478297 0.198606 
6.000000 4.000000 0.312551 0.531441 0.218890 
7.000000 4.000000 0.347554 0.590490 0.242936 
8.000000 4.000000 0.388037 0.656100 0.268063 
9.000000 4.000000 0.351613 0.590490 0.238877 
10.000000 4.000000 0.311780 0.531441 0.219661 
11.000000 4.000000 0.276205 0.478297 0.202092 
12.000000 4.000000 0.242751 0.430467 0.187716 
13.000000 4.000000 0.213487 0.387420 0.173934 
14.000000 4.000000 0.183319 0.348678 0.165359 
15.000000 4.000000 0.159244 0.313811 0.154567 
0.000000 5.000000 0.158653 0.313811 0.155158 
1.000000 5.000000 0.177064 0.348678 0.171614 
2.000000 5.000000 0.209443 0.387420 0.177977 
3.000000 5.000000 0.241201 0.430467 0.189266 
4.000000 5.000000 0.279137 0.478297 0.199160 
5.000000 5.000000 0.317498 0.531441 0.213943 
6.000000 5.000000 0.357088 0.590490 0.233402 
7.000000 5.000000 0.402633 0.656100 0.253467 
8.000000 5.000000 0.441522 0.729000 0.287478 
9.000000 5.000000 0.406654 0.656100 0.249446 
10.000000 5.000000 0.354679 0.590490 0.235811 
11.000000 5.000000 0.314352 0.531441 0.217089 
12.000000 5.000000 0.274503 0.478297 0.203794 
13.000000 5.000000 0.241713 0.430467 0.188754 
14.000000 5.000000 0.211017 0.387420 0.176403 
15.000000 5.000000 0.180282 0.348678 0.168397 
0.000000 6.000000 0.174893 0.348678 0.173785 
1.000000 6.000000 0.201096 0.387420 0.186325 
2.000000 6.000000 0.230141 0.430467 0.200326 
3.000000 6.000000 0.273831 0.478297 0.204466 
4.000000 6.000000 0.313065 0.531441 0.218376 
5.000000 6.000000 0.360544 0.590490 0.229946 
6.000000 6.000000 0.409839 0.656100 0.246261 
7.000000 6.000000 0.467196 0.729000 0.261804 
8.000000 6.000000 0.519819 0.810000 0.290181 
9.000000 6.000000 0.473103 0.729000 0.255897 
10.000000 6.000000 0.407027 0.656100 0.249073 
11.000000 6.000000 0.357506 0.590490 0.232983 
12.000000 6.000000 0.311389 0.531441 0.220052 
13.000000 6.000000 0.271097 0.478297 0.207200 
14.000000 6.000000 0.238512 0.430467 0.191955 
15.000000 6.000000 0.200197 0.387420 0.187224 
0.000000 7.000000 0.198518 0.387420 0.188902 
1.000000 7.000000 0.229814 0.430467 0.200653 
2.000000 7.000000 0.269285 0.478297 0.209012 
3.000000 7.000000 0.306748 0.531441 0.224693 
4.000000 7.000000 0.357689 0.590490 0.232801 
5.000000 7.000000 0.415891 0.656100 0.240209 
6.000000 7.000000 0.474479 0.729000 0.254520 
7.000000 7.000000 0.549370 0.810000 0.260630 
8.000000 7.000000 0.622334 0.900000 0.277666 
9.000000 7.000000 0.561056 0.810000 0.248944 
10.000000 7.000000 0.465799 0.729000 0.263201 
11.000000 7.000000 0.404090 0.656100 0.252010 
12.000000 7.000000 0.348098 0.590490 0.242392 
13.000000 7.000000 0.305164 0.531441 0.226277 
14.000000 7.000000 0.264001 0.478297 0.214296 
15.000000 7.000000 0.225584 0.430467 0.204884 
0.000000 8.000000 0.201572 0.430467 0.228895 
1.000000 8.000000 0.254703 0.478297 0.223594 
2.000000 8.000000 0.273751 0.531441 0.257690 
3.000000 8.000000 0.323166 0.590490 0.267324 
4.000000 8.000000 0.365307 0.656100 0.290793 
5.000000 8.000000 0.457316 0.729000 0.271684 
6.000000 8.000000 0.535424 0.810000 0.274576 
7.000000 8.000000 0.689078 0.900000 0.210922 
8.000000 8.000000 1.000000 1.000000 0.000000 
9.000000 8.000000 0.712592 0.900000 0.187408 
10.000000 8.000000 0.522895 0.810000 0.287105 
11.000000 8.000000 0.453098 0.729000 0.275902 
12.000000 8.000000 0.387335 0.656100 0.268765 
13.000000 8.000000 0.340372 0.590490 0.250118 
14.000000 8.000000 0.285377 0.531441 0.246064 
15.000000 8.000000 0.243436 0.478297 0.234861 
0.000000 9.000000 0.179850 0.387420 0.207570 
1.000000 9.000000 0.218332 0.430467 0.212136 
2.000000 9.000000 0.252490 0.478297 0.225807 
3.000000 9.000000 0.298119 0.531441 0.233321 
4.000000 9.000000 0.341534 0.590490 0.248956 
5.000000 9.000000 0.413672 0.656100 0.242428 
6.000000 9.000000 0.481627 0.729000 0.247373 
7.000000 9.000000 0.572457 0.810000 0.237543 
8.000000 9.000000 0.800906 0.900000 0.099093 
9.000000 9.000000 0.562609 0.810000 0.247391 
10.000000 9.000000 0.478274 0.729000 0.250726 
11.000000 9.000000 0.408070 0.656100 0.248030 
12.000000 9.000000 0.354055 0.590490 0.236435 
13.000000 9.000000 0.309633 0.531441 0.221808 
14.000000 9.000000 0.267912 0.478297 0.210385 
15.000000 9.000000 0.228286 0.430467 0.202181 
0.000000 10.000000 0.163902 0.348678 0.184776 
1.000000 10.000000 0.204229 0.387420 0.183191 
2.000000 10.000000 0.234659 0.430467 0.195808 
3.000000 10.000000 0.268571 0.478297 0.209726 
4.000000 10.000000 0.313152 0.531441 0.218289 
5.000000 10.000000 0.348016 0.590490 0.242474 
6.000000 10.000000 0.423312 0.656100 0.232788 
7.000000 10.000000 0.484568 0.729000 0.244432 
8.000000 10.000000 0.581690 0.810000 0.228310 
9.000000 10.000000 0.469965 0.729000 0.259035 
10.000000 10.000000 0.412857 0.656100 0.243243 
11.000000 10.000000 0.363803 0.590490 0.226687 
12.000000 10.000000 0.319097 0.531441 0.212344 
13.000000 10.000000 0.275588 0.478297 0.202709 
14.000000 10.000000 0.235224 0.430467 0.195243 
15.000000 10.000000 0.201549 0.387420 0.185871 
0.000000 11.000000 0.151351 0.313811 0.162459 
1.000000 11.000000 0.175692 0.348678 0.172987 
2.000000 11.000000 0.202941 0.387420 0.184480 
3.000000 11.000000 0.235323 0.430467 0.195144 
4.000000 11.000000 0.270581 0.478297 0.207716 
5.000000 11.000000 0.313608 0.531441 0.217833 
6.000000 11.000000 0.360948 0.590490 0.229542 
7.000000 11.000000 0.418428 0.656100 0.237672 
8.000000 11.000000 0.460939 0.729000 0.268061 
9.000000 11.000000 0.408713 0.656100 0.247387 
10.000000 11.000000 0.360558 0.590490 0.229932 
11.000000 11.000000 0.317919 0.531441 0.213522 
12.000000 11.000000 0.280186 0.478297 0.198110 
13.000000 11.000000 0.245120 0.430467 0.185347 
14.000000 11.000000 0.209942 0.387420 0.177478 
15.000000 11.000000 0.180819 0.348678 0.167860 
0.000000 12.000000 0.131331 0.282430 0.151099 
1.000000 12.000000 0.151079 0.313811 0.162731 
2.000000 12.000000 0.170625 0.348678 0.178053 
3.000000 12.000000 0.211027 0.387420 0.176394 
4.000000 12.000000 0.239841 0.430467 0.190626 
5.000000 12.000000 0.276117 0.478297 0.202180 
6.000000 12.000000 0.313843 0.531441 0.217598 
7.000000 12.000000 0.350371 0.590490 0.240119 
8.000000 12.000000 0.390577 0.656100 0.265523 
9.000000 12.000000 0.350732 0.590490 0.239758 
10.000000 12.000000 0.316697 0.531441 0.214744 
11.000000 12.000000 0.279852 0.478297 0.198445 
12.000000 12.000000 0.244665 0.430467 0.185802 
13.000000 12.000000 0.211012 0.387420 0.176408 
14.000000 12.000000 0.183894 0.348678 0.164785 
15.000000 12.000000 0.160008 0.313811 0.153803 
0.000000 13.000000 0.115324 0.254187 0.138862 
1.000000 13.000000 0.132851 0.282430 0.149579 
2.000000 13.000000 0.158422 0.313811 0.155389 
3.000000 13.000000 0.184041 0.348678 0.164638 
4.000000 13.000000 0.212818 0.387420 0.174602 
5.000000 13.000000 0.243974 0.430467 0.186493 
6.000000 13.000000 0.274873 0.478297 0.203424 
7.000000 13.000000 0.308291 0.531441 0.223150 
8.000000 13.000000 0.337208 0.590490 0.253282 
9.000000 13.000000 0.299826 0.531441 0.231615 
10.000000 13.000000 0.266090 0.478297 0.212207 
11.000000 13.000000 0.241279 0.430467 0.189188 
12.000000 13.000000 0.216422 0.387420 0.170999 
13.000000 13.000000 0.186886 0.348678 0.161793 
14.000000 13.000000 0.164901 0.313811 0.148910 
15.000000 13.000000 0.141864 0.282430 0.140565 
0.000000 14.000000 0.104323 0.228768 0.124445 
1.000000 14.000000 0.121473 0.254187 0.132713 
2.000000 14.000000 0.139210 0.282430 0.143219 
3.000000 14.000000 0.158726 0.313811 0.155085 
4.000000 14.000000 0.182137 0.348678 0.166541 
5.000000 14.000000 0.209923 0.387420 0.177497 
6.000000 14.000000 0.237574 0.430467 0.192893 
7.000000 14.000000 0.263651 0.478297 0.214646 
8.000000 14.000000 0.284410 0.531441 0.247030 
9.000000 14.000000 0.255911 0.478297 0.222386 
10.000000 14.000000 0.228472 0.430467 0.201995 
11.000000 14.000000 0.207826 0.387420 0.179594 
12.000000 14.000000 0.186232 0.348678 0.162446 
13.000000 14.000000 0.162125 0.313811 0.151686 
14.000000 14.000000 0.144405 0.282430 0.138024 
15.000000 14.000000 0.126643 0.254187 0.127544 
0.000000 15.000000 0.093474 0.205891 0.112418 
1.000000 15.000000 0.106769 0.228768 0.121998 
2.000000 15.000000 0.117250 0.254187 0.136936 
3.000000 15.000000 0.139032 0.282430 0.143398 
4.000000 15.000000 0.157609 0.313811 0.156201 
5.000000 15.000000 0.179408 0.348678 0.169270 
6.000000 15.000000 0.199788 0.387420 0.187632 
7.000000 15.000000 0.229983 0.430467 0.200484 
8.000000 15.000000 0.239233 0.478297 0.239064 
9.000000 15.000000 0.221862 0.430467 0.208605 
10.000000 15.000000 0.198950 0.387420 0.188470 
11.000000 15.000000 0.182074 0.348678 0.166604 
12.000000 15.000000 0.159697 0.313811 0.154114 
13.000000 15.000000 0.140377 0.282430 0.142052 
14.000000 15.000000 0.125687 0.254187 0.128499 
15.000000 15.000000 0.110260 0.228768 0.118508 
