0.000000	0.000000	0.000000	0.000000	
0.020276	0.000000	0.000000	0.020276	
0.040963	0.000000	0.000000	0.040963	
0.062069	0.000000	0.000000	0.062069	
0.083603	0.000000	0.000000	0.083603	
0.105574	0.000000	0.000000	0.105574	
0.127990	0.000000	0.000000	0.127990	
0.150861	0.000000	0.000000	0.150861	
0.174196	0.000000	0.000000	0.174196	
0.198003	0.000000	0.000000	0.198003	
0.222294	0.000000	0.000000	0.222294	
0.247077	0.000000	0.000000	0.247077	
0.272362	0.000000	0.000000	0.272362	
0.298160	0.000000	0.000000	0.298160	
0.324481	0.000000	0.000000	0.324481	
0.351336	0.000000	0.000000	0.351336	
0.378736	0.000000	0.000000	0.378736	
0.406691	0.000000	0.000000	0.406691	
0.435212	0.000000	0.000000	0.435212	
0.464312	0.000000	0.000000	0.464312	
0.494002	0.000000	0.000000	0.494002	
0.524294	0.000000	0.000000	0.524294	
0.555201	0.000000	0.000000	0.555201	
0.586733	0.000000	0.000000	0.586733	
0.618906	0.000000	0.000000	0.618906	
0.651730	0.000000	0.000000	0.651730	
0.685220	0.000000	0.000000	0.685220	
0.719389	0.000000	0.000000	0.719389	
0.754251	0.000000	0.000000	0.754251	
0.789820	0.000000	0.000000	0.789820	
0.826110	0.000000	0.000000	0.826110	
0.863136	0.000000	0.000000	0.863136	
0.900912	0.000000	0.000000	0.900912	
0.939455	0.000000	0.000000	0.939455	
0.978778	0.000000	0.000000	0.978778	
1.018900	0.000000	0.000000	1.018900	
1.059834	0.000000	0.000000	1.059834	
1.101599	0.000000	0.000000	1.101599	
1.144210	0.000000	0.000000	1.144210	
1.187686	0.000000	0.000000	1.187686	
1.232043	0.000000	0.000000	1.232043	
1.277299	0.000000	0.000000	1.277299	
1.323473	0.000000	0.000000	1.323473	
1.370583	0.000000	0.000000	1.370583	
1.418649	0.000000	0.000000	1.418649	
1.467689	0.000000	0.000000	1.467689	
1.517723	0.000000	0.000000	1.517723	
1.568772	0.000000	0.000000	1.568772	
1.620855	0.000000	0.000000	1.620855	
1.673995	0.000000	0.000000	1.673995	
1.728212	0.000000	0.000000	1.728212	
1.783529	0.000000	0.000000	1.783529	
1.839967	0.000000	0.000000	1.839967	
1.897550	0.000000	0.000000	1.897550	
1.956300	0.000000	0.000000	1.956300	
2.016241	0.000000	0.000000	2.016241	
2.077397	0.000000	0.000000	2.077397	
2.139794	0.000000	0.000000	2.139794	
2.203455	0.000000	0.000000	2.203455	
2.268408	0.000000	0.000000	2.268408	
2.334677	0.000000	0.000000	2.334677	
2.402290	0.000000	0.000000	2.402290	
2.471274	0.000000	0.000000	2.471274	
2.541657	0.000000	0.000000	2.541657	
2.613467	0.000000	0.000000	2.613467	
2.686733	0.000000	0.000000	2.686733	
2.761484	0.000000	0.000000	2.761484	
2.837751	0.000000	0.000000	2.837751	
2.915564	0.000000	0.000000	2.915564	
2.994955	0.000000	0.000000	2.994955	
3.075956	0.000000	0.000000	3.075956	
3.158599	0.000000	0.000000	3.158599	
3.242917	0.000000	0.000000	3.242917	
3.328946	0.000000	0.000000	3.328946	
3.416718	0.000000	0.000000	3.416718	
3.506271	0.000000	0.000000	3.506271	
3.597639	0.000000	0.000000	3.597639	
3.690859	0.000000	0.000000	3.690859	
3.785970	0.000000	0.000000	3.785970	
3.883009	0.000000	0.000000	3.883009	
3.982016	0.000000	0.000000	3.982016	
4.083030	0.000000	0.000000	4.083030	
4.186092	0.000000	0.000000	4.186092	
4.291244	0.000000	0.000000	4.291244	
4.398528	0.000000	0.000000	4.398528	
4.507987	0.000000	0.000000	4.507987	
4.619666	0.000000	0.000000	4.619666	
4.733608	0.000000	0.000000	4.733608	
4.849862	0.000000	0.000000	4.849862	
4.968472	0.000000	0.000000	4.968472	
5.089487	0.000000	0.000000	5.089487	
5.212956	0.000000	0.000000	5.212956	
5.338928	0.000000	0.000000	5.338928	
5.467455	0.000000	0.000000	5.467455	
5.598587	0.000000	0.000000	5.598587	
5.732379	0.000000	0.000000	5.732379	
5.868883	0.000000	0.000000	5.868883	
6.008154	0.000000	0.000000	6.008154	
6.150250	0.000000	0.000000	6.150250	
6.295227	0.000000	0.000000	6.295227	
6.443143	0.000000	0.000000	6.443143	
6.594058	0.000000	0.000000	6.594058	
6.748033	0.000000	0.000000	6.748033	
6.905131	0.000000	0.000000	6.905131	
7.065413	0.000000	0.000000	7.065413	
7.228945	0.000000	0.000000	7.228945	
7.395793	0.000000	0.000000	7.395793	
7.566024	0.000000	0.000000	7.566024	
7.739707	0.000000	0.000000	7.739707	
7.916911	0.000000	0.000000	7.916911	
8.097708	0.000000	0.000000	8.097708	
8.282171	0.000000	0.000000	8.282171	
8.470374	0.000000	0.000000	8.470374	
8.662393	0.000000	0.000000	8.662393	
8.858305	0.000000	0.000000	8.858305	
9.058189	0.000000	0.000000	9.058189	
9.262127	0.000000	0.000000	9.262127	
9.470199	0.000000	0.000000	9.470199	
9.682490	0.000000	0.000000	9.682490	
9.899086	0.000000	0.000000	9.899086	
10.120073	0.000000	0.000000	10.120073	
10.345541	0.000000	0.000000	10.345541	
10.575580	0.000000	0.000000	10.575580	
10.810283	0.000000	0.000000	10.810283	
11.049746	0.000000	0.000000	11.049746	
11.294063	0.000000	0.000000	11.294063	
11.543335	0.000000	0.000000	11.543335	
11.797660	0.000000	0.000000	11.797660	
12.057142	0.000000	0.000000	12.057142	
12.321886	0.000000	0.000000	12.321886	
12.591997	0.000000	0.000000	12.591997	
12.867585	0.000000	0.000000	12.867585	
13.148760	0.000000	0.000000	13.148760	
13.435637	0.000000	0.000000	13.435637	
13.728330	0.000000	0.000000	13.728330	
14.026958	0.000000	0.000000	14.026958	
14.331641	0.000000	0.000000	14.331641	
14.642502	0.000000	0.000000	14.642502	
14.959665	0.000000	0.000000	14.959665	
15.283259	0.000000	0.000000	15.283259	
15.613415	0.000000	0.000000	15.613415	
15.950264	0.000000	0.000000	15.950264	
16.293943	0.000000	0.000000	16.293943	
16.644591	0.000000	0.000000	16.644591	
17.002348	0.000000	0.000000	17.002348	
17.367359	0.000000	0.000000	17.367359	
17.739771	0.000000	0.000000	17.739771	
18.119734	0.000000	0.000000	18.119734	
18.507401	0.000000	0.000000	18.507401	
18.902928	0.000000	0.000000	18.902928	
0.000000	0.017533	0.175331	0.000000	
0.020276	0.038093	0.293265	0.002743	
0.040963	0.061204	0.351439	0.002870	
0.062069	0.086168	0.350689	0.000865	
0.083603	0.111019	0.320259	-0.002565	
0.105574	0.135222	0.268841	-0.005445	
0.127990	0.158431	0.205616	-0.007232	
0.150861	0.180544	0.139342	-0.007569	
0.174196	0.201731	0.075204	-0.006348	
0.198003	0.222315	0.017027	-0.003728	
0.222294	0.242729	-0.032844	-0.000021	
0.247077	0.263462	-0.073484	0.004348	
0.272362	0.285016	-0.105007	0.008901	
0.298160	0.307872	-0.128396	0.013144	
0.324481	0.332450	-0.145305	0.016610	
0.351336	0.359093	-0.157852	0.018886	
0.378736	0.388043	-0.168454	0.019642	
0.406691	0.419428	-0.179659	0.018648	
0.435212	0.453259	-0.194001	0.015784	
0.464312	0.489426	-0.213878	0.011053	
0.494002	0.527702	-0.241433	0.004576	
0.524294	0.567752	-0.278467	-0.003407	
0.555201	0.609148	-0.326362	-0.012552	
0.586733	0.651383	-0.386030	-0.022415	
0.618906	0.693890	-0.457868	-0.032477	
0.651730	0.736068	-0.541745	-0.042160	
0.685220	0.777305	-0.636999	-0.050848	
0.719389	0.817002	-0.742448	-0.057915	
0.754251	0.854600	-0.856428	-0.062750	
0.789820	0.889609	-0.976833	-0.064780	
0.826110	0.921627	-1.101178	-0.063499	
0.863136	0.950370	-1.226671	-0.058492	
0.900912	0.975689	-1.350293	-0.049458	
0.939455	0.997591	-1.468895	-0.036235	
0.978778	1.016253	-1.579291	-0.018813	
1.018900	1.032033	-1.678366	0.002646	
1.059834	1.045477	-1.763180	0.027801	
1.101599	1.057320	-1.831076	0.056122	
1.144210	1.068483	-1.879787	0.086890	
1.187686	1.080059	-1.907533	0.119203	
1.232043	1.093307	-1.913122	0.151984	
1.277299	1.109619	-1.896032	0.183993	
1.323473	1.130501	-1.856487	0.213855	
1.370583	1.157538	-1.795520	0.240082	
1.418649	1.192353	-1.715017	0.261111	
1.467689	1.236567	-1.617750	0.275335	
1.517723	1.291748	-1.507382	0.281156	
1.568772	1.359361	-1.388459	0.277023	
1.620855	1.440712	-1.266376	0.261494	
1.673995	1.536893	-1.147322	0.233283	
1.728212	1.648720	-1.038199	0.191320	
1.783529	1.776679	-0.946514	0.134809	
1.839967	1.920869	-0.880259	0.063288	
1.897550	2.080947	-0.847751	-0.023320	
1.956300	2.256079	-0.857460	-0.124648	
2.016241	2.444898	-0.917814	-0.239838	
2.077397	2.645467	-1.036981	-0.367501	
2.139794	2.855252	-1.222638	-0.505673	
2.203455	3.071110	-1.481723	-0.651797	
2.268408	3.289278	-1.820176	-0.802702	
2.334677	3.505391	-2.242675	-0.954601	
2.402290	3.714503	-2.752370	-1.103101	
2.471274	3.911130	-3.350617	-1.243229	
2.541657	4.089312	-4.036719	-1.369473	
2.613467	4.189866	-5.335928	-1.475845	
2.686733	4.268803	-6.351935	-1.503133	
2.761484	4.356913	-6.802287	-1.507319	
2.837751	4.430121	-7.128166	-1.519162	
2.915564	4.519914	-7.185524	-1.514557	
2.994955	4.606115	-7.329645	-1.524959	
3.075956	4.484813	-9.552464	-1.530159	
3.158599	4.269290	-11.715363	-1.326214	
3.242917	3.959648	-13.507568	-1.026373	
3.328946	3.569111	-14.638729	-0.630702	
3.416718	3.097489	-15.517124	-0.152392	
3.506271	2.549122	-16.151613	0.408782	
3.597639	1.926797	-16.574922	1.048517	
3.690859	1.230256	-16.820381	1.764062	
3.785970	0.554819	-15.957649	2.555714	
3.883009	-0.217105	-15.646561	3.328190	
3.982016	-1.188414	-16.708655	4.199121	
4.083030	-2.235620	-17.210172	5.271444	
4.186092	-3.322148	-16.638411	6.421712	
4.291244	-4.401440	-14.895936	7.613392	
4.398528	-5.431193	-12.309276	8.799968	
4.507987	-6.259760	-7.869425	9.939180	
4.619666	-6.934417	-3.116280	10.879425	
4.733608	-7.467281	1.331895	11.668026	
4.849862	-7.836225	5.491102	12.317142	
4.968472	-8.004110	9.812402	12.804697	
5.089487	-7.922511	14.542185	13.093597	
5.212956	-7.533146	19.806208	13.135467	
5.338928	-6.768624	25.681858	12.872074	
5.467455	-5.439861	33.344631	12.236079	
5.598587	-3.723177	39.641462	11.038448	
5.732379	-1.437311	46.308089	9.455556	
5.868883	1.476166	53.160507	7.306194	
6.008154	5.080519	60.343135	4.531989	
6.150250	9.421836	67.223033	1.069731	
6.295227	14.530511	73.445355	-3.126609	
6.443143	20.419198	78.610527	-8.087368	
6.594058	27.074983	82.266290	-13.825140	
6.748033	34.462274	83.979506	-20.326949	
6.905131	42.518655	83.317656	-27.557144	
7.065413	51.178611	80.118791	-35.453242	
7.228945	60.324888	73.894381	-43.949666	
7.395793	69.929916	65.404311	-52.929095	
7.566024	79.548470	50.999730	-62.363892	
7.739707	88.741177	28.975090	-71.808763	
7.916911	97.344803	1.758519	-80.824266	
8.097708	100.000000	-26.082902	-89.247095	
8.282171	100.000000	-45.381990	-91.717829	
8.470374	100.000000	-63.575518	-91.529626	
8.662393	100.000000	-78.807828	-91.337607	
8.858305	100.000000	-94.959159	-91.141695	
9.058189	100.000000	-106.102298	-90.941811	
9.262127	100.000000	-113.298103	-90.737873	
9.470199	100.000000	-127.049391	-90.529801	
9.682490	100.000000	-132.701700	-90.317510	
9.899086	100.000000	-140.080484	-90.100914	
10.120073	100.000000	-154.264163	-89.879927	
10.345541	100.000000	-162.988775	-89.654459	
10.575580	100.000000	-172.749086	-89.424420	
10.810283	100.000000	-183.437874	-89.189717	
11.049746	100.000000	-183.215128	-88.950254	
11.294063	100.000000	-175.815951	-88.705937	
11.543335	100.000000	-169.075873	-88.456665	
11.797660	100.000000	-163.360350	-88.202340	
12.057142	100.000000	-165.476437	-87.942858	
12.321886	100.000000	-172.238378	-87.678114	
12.591997	100.000000	-180.444735	-87.408003	
12.867585	100.000000	-190.051814	-87.132415	
13.148760	99.880590	-201.194104	-86.851240	
13.435637	98.568291	-213.720039	-86.444952	
13.728330	97.589179	-216.472020	-84.839960	
14.026958	96.151819	-220.342640	-83.562221	
14.331641	94.136965	-225.451038	-81.820178	
14.642502	91.617012	-231.889516	-79.494463	
14.959665	88.332397	-239.764409	-76.657347	
15.283259	84.204834	-248.492585	-73.049137	
15.613415	80.237213	-246.832660	-68.591420	
15.950264	76.109811	-241.904479	-64.286949	
16.293943	71.587560	-238.236816	-59.815868	
16.644591	65.866943	-244.419255	-54.942969	
17.002348	59.222488	-251.789508	-48.864595	
17.367359	51.427324	-260.069646	-41.855129	
17.739771	42.873779	-262.889613	-33.687553	
18.119734	33.677451	-260.971144	-24.754045	
18.507401	23.468960	-259.474746	-15.170050	
18.902928	38.067594	0.000000	-4.566032	
0.000000	0.019884	0.198843	0.000000	
0.020276	0.040923	0.309810	0.000391	
0.040963	0.062633	0.342177	0.000039	
0.062069	0.084602	0.309505	-0.000564	
0.083603	0.106238	0.266069	-0.000998	
0.105574	0.127846	0.220965	-0.000664	
0.127990	0.149804	0.180059	0.000144	
0.150861	0.172487	0.145749	0.001057	
0.174196	0.196119	0.116004	0.001709	
0.198003	0.220790	0.087941	0.001884	
0.222294	0.246448	0.058594	0.001504	
0.247077	0.272932	0.025564	0.000629	
0.272362	0.300019	-0.012632	-0.000570	
0.298160	0.327468	-0.056490	-0.001859	
0.324481	0.355062	-0.105594	-0.002986	
0.351336	0.382641	-0.158824	-0.003726	
0.378736	0.410126	-0.214599	-0.003906	
0.406691	0.437525	-0.271136	-0.003435	
0.435212	0.464935	-0.326697	-0.002312	
0.464312	0.492536	-0.379795	-0.000623	
0.494002	0.520564	-0.429354	0.001467	
0.524294	0.549296	-0.474808	0.003730	
0.555201	0.579019	-0.516150	0.005904	
0.586733	0.610005	-0.553922	0.007714	
0.618906	0.642483	-0.589161	0.008900	
0.651730	0.676619	-0.623305	0.009247	
0.685220	0.712498	-0.658067	0.008601	
0.719389	0.750112	-0.695296	0.006892	
0.754251	0.789358	-0.736830	0.004139	
0.789820	0.830038	-0.784347	0.000462	
0.826110	0.871873	-0.839231	-0.003928	
0.863136	0.914513	-0.902459	-0.008737	
0.900912	0.957566	-0.974514	-0.013601	
0.939455	1.000617	-1.055327	-0.018111	
0.978778	1.043263	-1.144255	-0.021839	
1.018900	1.085138	-1.240097	-0.024363	
1.059834	1.125946	-1.341137	-0.025304	
1.101599	1.165484	-1.445228	-0.024347	
1.144210	1.203672	-1.549898	-0.021274	
1.187686	1.240565	-1.652485	-0.015986	
1.232043	1.276368	-1.750282	-0.008522	
1.277299	1.311442	-1.840701	0.000931	
1.323473	1.346295	-1.921430	0.012031	
1.370583	1.381575	-1.990592	0.024289	
1.418649	1.418049	-2.046891	0.037073	
1.467689	1.456570	-2.089731	0.049639	
1.517723	1.498046	-2.119317	0.061153	
1.568772	1.543394	-2.136717	0.070726	
1.620855	1.593497	-2.143892	0.077461	
1.673995	1.649152	-2.143680	0.080498	
1.728212	1.711019	-2.139742	0.079061	
1.783529	1.779573	-2.136464	0.072510	
1.839967	1.855058	-2.138818	0.060394	
1.897550	1.937445	-2.152183	0.042492	
1.956300	2.026404	-2.182136	0.018854	
2.016241	2.121276	-2.234211	-0.010163	
2.077397	2.221069	-2.313641	-0.043879	
2.139794	2.324458	-2.425085	-0.081275	
2.203455	2.429803	-2.572363	-0.121002	
2.268408	2.535187	-2.758181	-0.161395	
2.334677	2.638463	-2.983897	-0.200510	
2.402290	2.737317	-3.249301	-0.236172	
2.471274	2.829355	-3.552445	-0.266043	
2.541657	2.912191	-3.889518	-0.287698	
2.613467	2.976015	-4.330178	-0.298725	
2.686733	3.034854	-4.668363	-0.289283	
2.761484	3.089712	-4.917785	-0.273371	
2.837751	3.128839	-5.227635	-0.251961	
2.915564	3.149247	-5.615141	-0.213275	
2.994955	3.141786	-6.112864	-0.154292	
3.075956	3.078535	-6.907085	-0.065830	
3.158599	3.005494	-7.352621	0.080064	
3.242917	2.936605	-7.400919	0.237424	
3.328946	2.883678	-7.103825	0.392341	
3.416718	2.839866	-6.782633	0.533041	
3.506271	2.805894	-6.484916	0.666405	
3.597639	2.781925	-6.220713	0.791745	
3.690859	2.769572	-5.957075	0.908934	
3.785970	2.786548	-5.527767	1.016398	
3.883009	2.809585	-5.260951	1.096461	
3.982016	2.837688	-5.125954	1.172430	
4.083030	2.917601	-4.610414	1.245342	
4.186092	3.070146	-3.666051	1.268491	
4.291244	3.302709	-2.507112	1.221098	
4.398528	3.608429	-1.462644	1.095819	
4.507987	3.999134	-0.472075	0.899558	
4.619666	4.442010	0.082592	0.620531	
4.733608	4.924856	0.216687	0.291598	
4.849862	5.450421	0.114481	-0.074995	
4.968472	6.033044	0.052881	-0.481949	
5.089487	6.680724	0.065766	-0.943557	
5.212956	7.394035	0.053293	-1.467768	
5.338928	8.165946	-0.132740	-2.055107	
5.467455	8.997354	-0.474499	-2.698491	
5.598587	9.813084	-1.701824	-3.398767	
5.732379	10.619420	-3.358473	-4.080705	
5.868883	11.384264	-5.498858	-4.750538	
6.008154	12.081066	-8.027599	-5.376110	
6.150250	12.662674	-11.173905	-5.930815	
6.295227	13.088252	-14.907908	-6.367447	
6.443143	13.317359	-19.161561	-6.645109	
6.594058	13.311542	-23.812401	-6.723301	
6.748033	13.037444	-28.717467	-6.563509	
6.905131	12.466738	-33.718083	-6.132313	
7.065413	11.580629	-38.611806	-5.401325	
7.228945	10.359890	-43.283530	-4.351683	
7.395793	8.809395	-47.428228	-2.964096	
7.566024	6.870411	-51.524312	-1.243371	
7.739707	4.538648	-55.282819	0.869296	
7.916911	1.891709	-57.685982	3.378262	
8.097708	-0.971351	-57.937883	6.205999	
8.282171	-3.870285	-55.028872	9.253522	
8.470374	-6.977640	-52.214703	12.340659	
8.662393	-10.294257	-49.659171	15.640033	
8.858305	-13.887051	-47.877815	19.152562	
9.058189	-17.595789	-44.412687	22.945241	
9.262127	-21.352046	-39.110543	26.857916	
9.470199	-25.171994	-32.915401	30.822246	
9.682490	-28.696181	-22.906284	34.854485	
9.899086	-31.898942	-10.764395	38.595267	
10.120073	-34.011698	9.678437	42.019014	
10.345541	-34.294589	40.796904	44.357238	
10.575580	-32.762380	75.592768	44.870169	
10.810283	-29.058320	112.442147	43.572663	
11.049746	-22.858990	150.634990	40.108066	
11.294063	-14.260019	186.215176	34.153053	
11.543335	-3.331516	216.595858	25.803354	
11.797660	9.405235	236.326978	15.129176	
12.057142	23.757827	246.658214	2.651907	
12.321886	39.002636	243.610829	-11.435941	
12.591997	55.120969	232.949494	-26.410639	
12.867585	71.624484	213.355975	-42.253384	
13.148760	88.625260	190.638392	-58.475724	
13.435637	100.000000	162.201410	-75.189623	
13.728330	100.000000	133.562880	-86.271670	
14.026958	100.000000	108.195270	-85.973042	
14.331641	100.000000	86.967012	-85.668359	
14.642502	100.000000	65.854062	-85.357498	
14.959665	100.000000	51.765764	-85.040335	
15.283259	100.000000	42.980935	-84.716741	
15.613415	100.000000	41.688120	-84.386585	
15.950264	100.000000	44.408559	-84.049736	
16.293943	100.000000	39.864193	-83.706057	
16.644591	100.000000	26.498038	-83.355409	
17.002348	100.000000	21.443842	-82.997652	
17.367359	100.000000	22.063479	-82.632641	
17.739771	100.000000	25.964026	-82.260229	
18.119734	100.000000	22.117257	-81.880266	
18.507401	100.000000	14.031581	-81.492599	
18.902928	100.000000	0.000000	-81.097072	
0.000000	0.020220	0.202199	0.000000	
0.020276	0.041010	0.308998	0.000056	
0.040963	0.062198	0.336048	-0.000047	
0.062069	0.083703	0.301339	-0.000129	
0.083603	0.105465	0.264315	-0.000099	
0.105574	0.127707	0.228345	0.000109	
0.127990	0.150568	0.194181	0.000283	
0.150861	0.174085	0.160784	0.000293	
0.174196	0.198173	0.125911	0.000111	
0.198003	0.222722	0.088311	-0.000170	
0.222294	0.247637	0.047808	-0.000428	
0.247077	0.272867	0.005081	-0.000560	
0.272362	0.298425	-0.038798	-0.000505	
0.298160	0.324375	-0.082750	-0.000265	
0.324481	0.350819	-0.125985	0.000106	
0.351336	0.377871	-0.168159	0.000517	
0.378736	0.405635	-0.209410	0.000864	
0.406691	0.434184	-0.250278	0.001056	
0.435212	0.463551	-0.291567	0.001028	
0.464312	0.493721	-0.334179	0.000762	
0.494002	0.524641	-0.378947	0.000281	
0.524294	0.556225	-0.426499	-0.000347	
0.555201	0.588369	-0.477163	-0.001024	
0.586733	0.620974	-0.530927	-0.001636	
0.618906	0.653957	-0.587448	-0.002069	
0.651730	0.687269	-0.646103	-0.002227	
0.685220	0.720902	-0.706079	-0.002049	
0.719389	0.754897	-0.766480	-0.001512	
0.754251	0.789345	-0.826447	-0.000646	
0.789820	0.824376	-0.885264	0.000475	
0.826110	0.860150	-0.942454	0.001734	
0.863136	0.896844	-0.997847	0.002986	
0.900912	0.934634	-1.051608	0.004068	
0.939455	0.973675	-1.104246	0.004821	
0.978778	1.014087	-1.156569	0.005103	
1.018900	1.055941	-1.209629	0.004812	
1.059834	1.099246	-1.264623	0.003893	
1.101599	1.143946	-1.322794	0.002353	
1.144210	1.189923	-1.385309	0.000264	
1.187686	1.236998	-1.453156	-0.002237	
1.232043	1.284948	-1.527035	-0.004955	
1.277299	1.333522	-1.607281	-0.007649	
1.323473	1.382459	-1.693806	-0.010049	
1.370583	1.431515	-1.786078	-0.011876	
1.418649	1.480485	-1.883131	-0.012866	
1.467689	1.529225	-1.983606	-0.012796	
1.517723	1.577677	-2.085837	-0.011503	
1.568772	1.625879	-2.187951	-0.008906	
1.620855	1.673978	-2.288000	-0.005024	
1.673995	1.722233	-2.384107	0.000017	
1.728212	1.771011	-2.474612	0.005979	
1.783529	1.820770	-2.558224	0.012518	
1.839967	1.872044	-2.634147	0.019197	
1.897550	1.925414	-2.702196	0.025505	
1.956300	1.981468	-2.762870	0.030886	
2.016241	2.040773	-2.817396	0.034772	
2.077397	2.103826	-2.867723	0.036624	
2.139794	2.171016	-2.916470	0.035968	
2.203455	2.242587	-2.966834	0.032440	
2.268408	2.318603	-3.022443	0.025821	
2.334677	2.398923	-3.087179	0.016074	
2.402290	2.483183	-3.164960	0.003367	
2.471274	2.570792	-3.259502	-0.011909	
2.541657	2.660938	-3.374075	-0.029134	
2.613467	2.751540	-3.522008	-0.047472	
2.686733	2.844738	-3.666449	-0.064807	
2.761484	2.938294	-3.829723	-0.083254	
2.837751	3.027806	-4.046981	-0.100543	
2.915564	3.111377	-4.312650	-0.112242	
2.994955	3.187779	-4.605201	-0.116422	
3.075956	3.254558	-4.922240	-0.111823	
3.158599	3.322794	-5.130099	-0.095959	
3.242917	3.391855	-5.276984	-0.079876	
3.328946	3.458497	-5.429160	-0.062910	
3.416718	3.514601	-5.682278	-0.041778	
3.506271	3.559020	-5.992360	-0.008330	
3.597639	3.593307	-6.295926	0.038619	
3.690859	3.621774	-6.528678	0.097553	
3.785970	3.651810	-6.641052	0.164196	
3.883009	3.683409	-6.691981	0.231199	
3.982016	3.723583	-6.653776	0.298607	
4.083030	3.786191	-6.445070	0.359447	
4.186092	3.875360	-6.121913	0.399901	
4.291244	3.988853	-5.803783	0.415884	
4.398528	4.122000	-5.584276	0.409675	
4.507987	4.277611	-5.415385	0.385987	
4.619666	4.452217	-5.320444	0.342055	
4.733608	4.650326	-5.234262	0.281392	
4.849862	4.878521	-5.108116	0.199535	
4.968472	5.142762	-4.922940	0.089951	
5.089487	5.440787	-4.771006	-0.053275	
5.212956	5.764476	-4.765785	-0.227831	
5.338928	6.102438	-4.989435	-0.425548	
5.467455	6.444586	-5.446594	-0.634983	
5.598587	6.769180	-6.234315	-0.845999	
5.732379	7.075592	-7.175640	-1.036801	
5.868883	7.354297	-8.245470	-1.206709	
6.008154	7.598648	-9.394916	-1.346142	
6.150250	7.795303	-10.684169	-1.448397	
6.295227	7.936209	-12.071903	-1.500076	
6.443143	8.014175	-13.516449	-1.493066	
6.594058	8.023459	-14.967032	-1.420117	
6.748033	7.959072	-16.391906	-1.275426	
6.905131	7.816955	-17.762175	-1.053941	
7.065413	7.594892	-19.042525	-0.751542	
7.228945	7.291110	-20.208394	-0.365946	
7.395793	6.909716	-21.188821	0.104683	
7.566024	6.446716	-22.030531	0.656308	
7.739707	5.917867	-22.567101	1.292991	
7.916911	5.355244	-22.552906	1.999044	
8.097708	4.789334	-21.894496	2.742464	
8.282171	4.252786	-20.593387	3.492836	
8.470374	3.714396	-19.343046	4.217587	
8.662393	3.211908	-17.832048	4.947997	
8.858305	2.792184	-15.753643	5.646397	
9.058189	2.562394	-12.327799	6.266006	
9.262127	2.584288	-7.773550	6.699733	
9.470199	2.897119	-2.576379	6.885911	
9.682490	3.588944	3.379516	6.785371	
9.899086	4.655863	9.272570	6.310141	
10.120073	6.200681	15.680356	5.464210	
10.345541	8.217886	21.785170	4.144860	
10.575580	10.534348	25.483737	2.357694	
10.810283	13.071009	26.564762	0.275936	
11.049746	15.784144	25.695345	-2.021263	
11.294063	18.609858	23.290783	-4.490080	
11.543335	21.529378	19.894893	-7.066523	
11.797660	24.504179	15.603035	-9.731718	
12.057142	27.620776	11.739779	-12.447037	
12.321886	30.862712	7.918391	-15.298890	
12.591997	34.433993	6.030726	-18.270715	
12.867585	38.374765	5.264510	-21.566408	
13.148760	42.415006	1.952129	-25.226005	
13.435637	46.086833	-8.007742	-28.979369	
13.728330	48.978461	-25.433876	-32.358502	
14.026958	50.544847	-51.036183	-34.951502	
14.331641	50.603298	-80.865599	-36.213206	
14.642502	48.761221	-114.519051	-35.960796	
14.959665	44.927042	-148.583419	-33.801556	
15.283259	38.887730	-182.612686	-29.643782	
15.613415	30.511906	-215.311419	-23.274315	
15.950264	20.873237	-234.159203	-14.561642	
16.293943	9.696785	-246.109152	-4.579294	
16.644591	-2.857030	-252.082892	6.947806	
17.002348	-15.941370	-246.535397	19.859379	
17.367359	-29.272160	-230.676984	33.308729	
17.739771	-42.607231	-207.374940	47.011931	
18.119734	-56.120057	-183.251659	60.726965	
18.507401	-69.360653	-154.760843	74.627458	
18.902928	-69.910519	0.000000	88.263581	
0.000000	0.020268	0.202678	0.000000	
0.020276	0.040977	0.308430	0.000008	
0.040963	0.062087	0.334915	-0.000014	
0.062069	0.083599	0.300843	-0.000018	
0.083603	0.105526	0.265986	0.000004	
0.105574	0.127943	0.231139	0.000048	
0.127990	0.150864	0.196029	0.000048	
0.150861	0.174267	0.160002	-0.000003	
0.174196	0.198107	0.122450	-0.000071	
0.198003	0.222370	0.083503	-0.000104	
0.222294	0.247075	0.043672	-0.000076	
0.247077	0.272267	0.003492	0.000002	
0.272362	0.297996	-0.036785	0.000095	
0.298160	0.324304	-0.077233	0.000164	
0.324481	0.351213	-0.118175	0.000178	
0.351336	0.378722	-0.160045	0.000123	
0.378736	0.406814	-0.203240	0.000013	
0.406691	0.435459	-0.248008	-0.000123	
0.435212	0.464632	-0.294397	-0.000246	
0.464312	0.494318	-0.342257	-0.000320	
0.494002	0.524519	-0.391298	-0.000315	
0.524294	0.555260	-0.441162	-0.000225	
0.555201	0.586582	-0.491517	-0.000060	
0.586733	0.618538	-0.542127	0.000152	
0.618906	0.651189	-0.592909	0.000368	
0.651730	0.684589	-0.643946	0.000541	
0.685220	0.718783	-0.695482	0.000631	
0.719389	0.753796	-0.747879	0.000606	
0.754251	0.789632	-0.801565	0.000455	
0.789820	0.826273	-0.856959	0.000188	
0.826110	0.863687	-0.914414	-0.000164	
0.863136	0.901827	-0.974154	-0.000551	
0.900912	0.940646	-1.036247	-0.000915	
0.939455	0.980101	-1.100585	-0.001191	
0.978778	1.020167	-1.166897	-0.001323	
1.018900	1.060840	-1.234780	-0.001268	
1.059834	1.102142	-1.303753	-0.001005	
1.101599	1.144125	-1.373319	-0.000543	
1.144210	1.186868	-1.443027	0.000086	
1.187686	1.230472	-1.512544	0.000818	
1.232043	1.275051	-1.581699	0.001571	
1.277299	1.320722	-1.650527	0.002248	
1.323473	1.367596	-1.719275	0.002751	
1.370583	1.415762	-1.788402	0.002988	
1.418649	1.465282	-1.858544	0.002887	
1.467689	1.516178	-1.930461	0.002407	
1.517723	1.568433	-2.004970	0.001545	
1.568772	1.621985	-2.082869	0.000338	
1.620855	1.676734	-2.164852	-0.001130	
1.673995	1.732548	-2.251434	-0.002739	
1.728212	1.789275	-2.342886	-0.004335	
1.783529	1.846758	-2.439188	-0.005746	
1.839967	1.904853	-2.540005	-0.006791	
1.897550	1.963443	-2.644691	-0.007303	
1.956300	2.022458	-2.752319	-0.007143	
2.016241	2.081887	-2.861746	-0.006217	
2.077397	2.141791	-2.971688	-0.004490	
2.139794	2.202305	-3.080830	-0.001997	
2.203455	2.263641	-3.187935	0.001151	
2.268408	2.326083	-3.291967	0.004766	
2.334677	2.389969	-3.392202	0.008594	
2.402290	2.455678	-3.488324	0.012321	
2.471274	2.523601	-3.580507	0.015596	
2.541657	2.594117	-3.669455	0.018056	
2.613467	2.667407	-3.757950	0.019350	
2.686733	2.744351	-3.840801	0.019325	
2.761484	2.824640	-3.927329	0.017133	
2.837751	2.907716	-4.025661	0.013110	
2.915564	2.993632	-4.133877	0.007847	
2.994955	3.082635	-4.246594	0.001323	
3.075956	3.174475	-4.366105	-0.006680	
3.158599	3.270543	-4.478377	-0.015876	
3.242917	3.368629	-4.612231	-0.027626	
3.328946	3.466194	-4.786799	-0.039683	
3.416718	3.560568	-5.011437	-0.049476	
3.506271	3.652217	-5.251338	-0.054298	
3.597639	3.742241	-5.479532	-0.054578	
3.690859	3.831741	-5.684369	-0.051382	
3.785970	3.921184	-5.872480	-0.045771	
3.883009	4.009058	-6.069026	-0.038175	
3.982016	4.095392	-6.271329	-0.027042	
4.083030	4.181104	-6.465702	-0.012362	
4.186092	4.265119	-6.663068	0.004988	
4.291244	4.346029	-6.875898	0.026125	
4.398528	4.424074	-7.093196	0.052499	
4.507987	4.503071	-7.269130	0.083913	
4.619666	4.586314	-7.386594	0.116594	
4.733608	4.678677	-7.429308	0.147294	
4.849862	4.784076	-7.407095	0.171185	
4.968472	4.905030	-7.343725	0.184396	
5.089487	5.041244	-7.285045	0.184457	
5.212956	5.191690	-7.261668	0.171712	
5.338928	5.355849	-7.280029	0.147238	
5.467455	5.534459	-7.325147	0.111606	
5.598587	5.726519	-7.405570	0.064128	
5.732379	5.934728	-7.490701	0.005860	
5.868883	6.157528	-7.607810	-0.065845	
6.008154	6.392041	-7.785697	-0.149374	
6.150250	6.631736	-8.077141	-0.241791	
6.295227	6.870808	-8.491355	-0.336510	
6.443143	7.102600	-9.031103	-0.427665	
6.594058	7.320252	-9.688927	-0.508542	
6.748033	7.516547	-10.458609	-0.572218	
6.905131	7.684759	-11.323954	-0.611417	
7.065413	7.819302	-12.257717	-0.619346	
7.228945	7.915941	-13.225779	-0.590357	
7.395793	7.973090	-14.180289	-0.520148	
7.566024	7.989506	-15.092062	-0.407066	
7.739707	7.969898	-15.888736	-0.249799	
7.916911	7.921916	-16.507626	-0.052987	
8.097708	7.852129	-16.936399	0.175792	
8.282171	7.767034	-17.187661	0.430042	
8.470374	7.665380	-17.355637	0.703340	
8.662393	7.567309	-17.278329	0.997013	
8.858305	7.494953	-16.849639	1.290996	
9.058189	7.477862	-15.961523	1.563237	
9.262127	7.525421	-14.816838	1.784265	
9.470199	7.642161	-13.601801	1.944778	
9.682490	7.842362	-12.322457	2.040329	
9.899086	8.126897	-11.087744	2.056724	
10.120073	8.521205	-9.718370	1.993176	
10.345541	9.026386	-8.376833	1.824336	
10.575580	9.627559	-7.321854	1.549193	
10.810283	10.344907	-6.357879	1.182725	
11.049746	11.211761	-5.196324	0.704838	
11.294063	12.247779	-3.843322	0.082303	
11.543335	13.455837	-2.562289	-0.704444	
11.797660	14.810601	-1.799572	-1.658177	
12.057142	16.284519	-1.774499	-2.753459	
12.321886	17.799865	-3.033865	-3.962633	
12.591997	19.299278	-5.576423	-5.207868	
12.867585	20.666455	-9.884851	-6.431693	
13.148760	21.746708	-16.461903	-7.517695	
13.435637	22.406830	-25.228892	-8.311071	
13.728330	22.610422	-34.916125	-8.678500	
14.026958	22.360178	-44.317779	-8.583464	
14.331641	21.751844	-51.944632	-8.028537	
14.642502	20.814681	-57.884385	-7.109342	
14.959665	19.610664	-62.054677	-5.855016	
15.283259	18.123142	-65.336156	-4.327405	
15.613415	16.335410	-68.148311	-2.509727	
15.950264	14.379088	-69.210730	-0.385146	
16.293943	12.041555	-71.190957	1.914855	
16.644591	9.239676	-74.333600	4.603036	
17.002348	6.022750	-77.274365	7.762673	
17.367359	2.392708	-79.270033	11.344610	
17.739771	-1.610077	-79.874337	15.347063	
18.119734	-5.915226	-78.740953	19.729811	
18.507401	-10.179262	-72.954311	24.422627	
18.902928	-7.938745	0.000000	29.082190	
0.000000	0.020275	0.202746	0.000000	
0.020276	0.040966	0.308284	0.000001	
0.040963	0.062070	0.334777	-0.000003	
0.062069	0.083599	0.300952	-0.000002	
0.083603	0.105564	0.266470	0.000004	
0.105574	0.127989	0.231461	0.000010	
0.127990	0.150874	0.195742	0.000001	
0.150861	0.174216	0.159134	-0.000013	
0.174196	0.198012	0.121579	-0.000020	
0.198003	0.222281	0.083259	-0.000009	
0.222294	0.247045	0.044354	0.000013	
0.247077	0.272329	0.004904	0.000032	
0.272362	0.298145	-0.035220	0.000033	
0.298160	0.324496	-0.076214	0.000016	
0.324481	0.351380	-0.118242	-0.000015	
0.351336	0.378795	-0.161368	-0.000044	
0.378736	0.406743	-0.205554	-0.000059	
0.406691	0.435235	-0.250684	-0.000052	
0.435212	0.464291	-0.296623	-0.000023	
0.464312	0.493936	-0.343269	0.000021	
0.494002	0.524196	-0.390589	0.000067	
0.524294	0.555096	-0.438638	0.000098	
0.555201	0.586653	-0.487538	0.000105	
0.586733	0.618878	-0.537455	0.000080	
0.618906	0.651773	-0.588558	0.000027	
0.651730	0.685336	-0.640979	-0.000043	
0.685220	0.719562	-0.694791	-0.000116	
0.719389	0.754448	-0.749991	-0.000172	
0.754251	0.789999	-0.806506	-0.000197	
0.789820	0.826226	-0.864211	-0.000179	
0.826110	0.863151	-0.922957	-0.000116	
0.863136	0.900805	-0.982609	-0.000016	
0.900912	0.939224	-1.043070	0.000107	
0.939455	0.978448	-1.104314	0.000231	
0.978778	1.018516	-1.166391	0.000331	
1.018900	1.059461	-1.229434	0.000384	
1.059834	1.101307	-1.293636	0.000374	
1.101599	1.144069	-1.359236	0.000292	
1.144210	1.187748	-1.426479	0.000142	
1.187686	1.232335	-1.495584	-0.000062	
1.232043	1.277816	-1.566715	-0.000292	
1.277299	1.324171	-1.639953	-0.000517	
1.323473	1.371384	-1.715282	-0.000698	
1.370583	1.419446	-1.792592	-0.000801	
1.418649	1.468360	-1.871685	-0.000797	
1.467689	1.518143	-1.952304	-0.000671	
1.517723	1.568833	-2.034164	-0.000420	
1.568772	1.620482	-2.116994	-0.000061	
1.620855	1.673160	-2.200576	0.000373	
1.673995	1.726944	-2.284782	0.000835	
1.728212	1.781921	-2.369603	0.001268	
1.783529	1.838169	-2.455166	0.001608	
1.839967	1.895763	-2.541737	0.001798	
1.897550	1.954755	-2.629703	0.001787	
1.956300	2.015178	-2.719551	0.001545	
2.016241	2.077038	-2.811820	0.001063	
2.077397	2.140311	-2.907053	0.000359	
2.139794	2.204950	-3.005741	-0.000518	
2.203455	2.270884	-3.108269	-0.001495	
2.268408	2.338029	-3.214868	-0.002476	
2.334677	2.406296	-3.325574	-0.003351	
2.402290	2.475603	-3.440212	-0.004005	
2.471274	2.545889	-3.558391	-0.004329	
2.541657	2.617122	-3.679525	-0.004232	
2.613467	2.689289	-3.803089	-0.003655	
2.686733	2.762555	-3.927047	-0.002556	
2.761484	2.836898	-4.052321	-0.001072	
2.837751	2.912398	-4.178598	0.000853	
2.915564	2.989367	-4.303577	0.003166	
2.994955	3.068205	-4.425067	0.005588	
3.075956	3.149166	-4.544025	0.007751	
3.158599	3.232697	-4.659783	0.009433	
3.242917	3.318486	-4.779909	0.010221	
3.328946	3.406450	-4.906214	0.010460	
3.416718	3.496733	-5.036948	0.010268	
3.506271	3.590211	-5.162812	0.009537	
3.597639	3.687378	-5.283555	0.007427	
3.690859	3.788151	-5.406425	0.003481	
3.785970	3.891839	-5.542514	-0.002181	
3.883009	3.997344	-5.700490	-0.008830	
3.982016	4.104083	-5.877699	-0.015329	
4.083030	4.211726	-6.068052	-0.021054	
4.186092	4.319663	-6.270361	-0.025634	
4.291244	4.427430	-6.483168	-0.028420	
4.398528	4.535127	-6.699711	-0.028902	
4.507987	4.643488	-6.909469	-0.027140	
4.619666	4.752671	-7.113530	-0.023822	
4.733608	4.862713	-7.315558	-0.019062	
4.849862	4.973184	-7.522869	-0.012851	
4.968472	5.083639	-7.738396	-0.004712	
5.089487	5.193689	-7.962184	0.005848	
5.212956	5.303817	-8.184378	0.019268	
5.338928	5.415480	-8.389961	0.035111	
5.467455	5.530828	-8.565452	0.051975	
5.598587	5.651694	-8.710570	0.067759	
5.732379	5.780355	-8.824668	0.080685	
5.868883	5.917746	-8.923574	0.088527	
6.008154	6.064472	-9.020518	0.090408	
6.150250	6.220464	-9.129774	0.085778	
6.295227	6.386226	-9.251186	0.074763	
6.443143	6.562033	-9.386074	0.056917	
6.594058	6.747860	-9.537860	0.032026	
6.748033	6.943004	-9.716069	0.000174	
6.905131	7.146195	-9.930608	-0.037873	
7.065413	7.355557	-10.191001	-0.080782	
7.228945	7.568551	-10.506062	-0.126611	
7.395793	7.782158	-10.881985	-0.172758	
7.566024	7.992517	-11.326500	-0.216134	
7.739707	8.196167	-11.835197	-0.252810	
7.916911	8.389361	-12.403770	-0.279256	
8.097708	8.567839	-13.030633	-0.291653	
8.282171	8.727796	-13.707181	-0.285668	
8.470374	8.865730	-14.421114	-0.257422	
8.662393	8.984227	-15.101086	-0.203338	
8.858305	9.086230	-15.705145	-0.125922	
9.058189	9.175826	-16.206987	-0.028040	
9.262127	9.253181	-16.644922	0.086301	
9.470199	9.321312	-17.014771	0.217019	
9.682490	9.388824	-17.258521	0.361178	
9.899086	9.465087	-17.338043	0.510262	
10.120073	9.565438	-17.190290	0.654986	
10.345541	9.699428	-16.859724	0.780103	
10.575580	9.875258	-16.401571	0.876151	
10.810283	10.107376	-15.796564	0.935025	
11.049746	10.408810	-15.048099	0.942370	
11.294063	10.783387	-14.265457	0.885254	
11.543335	11.226400	-13.610297	0.759948	
11.797660	11.727940	-13.212578	0.571260	
12.057142	12.281179	-13.083670	0.329202	
12.321886	12.874107	-13.255790	0.040707	
12.591997	13.504106	-13.638005	-0.282110	
12.867585	14.159581	-14.264688	-0.636522	
13.148760	14.828541	-15.151243	-1.010820	
13.435637	15.506261	-16.230734	-1.392904	
13.728330	16.201015	-17.314058	-1.777931	
14.026958	16.906631	-18.449432	-2.174057	
14.331641	17.604081	-19.815193	-2.574990	
14.642502	18.232758	-21.922397	-2.961579	
14.959665	18.728933	-25.010674	-3.273093	
15.283259	19.016812	-29.219817	-3.445674	
15.613415	19.044712	-34.250942	-3.403398	
15.950264	18.806620	-39.411414	-3.094448	
16.293943	18.255537	-44.707009	-2.512676	
16.644591	17.415466	-49.483646	-1.610947	
17.002348	16.358612	-52.933216	-0.413117	
17.367359	15.164466	-54.576874	1.008747	
17.739771	13.912577	-54.377407	2.575305	
18.119734	12.682291	-52.473680	4.207157	
18.507401	11.590365	-48.651510	5.825110	
18.902928	15.041872	0.000000	7.312563	
